7.00029675440292
7.0
7.0
7.5
7.5
7.5
0 4 6	2660 2668 2854 
0 4 7	2660 2853 2854 2855 2982 3044 3045 3047 
0 4 8	2982 2989 3044 3047 
0 5 5	2665 2666 2667 2670 2680 2681 2683 
0 5 6	2660 2662 2663 2664 2665 2666 2667 2668 2669 2670 2671 2769 2772 2774 2775 2780 2854 
0 5 7	2660 2661 2662 2663 2688 2689 2690 2691 2700 2772 2773 2774 2775 2853 2854 2855 2980 2981 2982 2983 3044 3045 3047 
0 5 8	2689 2692 2700 2976 2977 2978 2979 2980 2982 2983 2988 2989 2990 2991 3044 3047 
0 5 9	2976 2978 2979 2990 2996 2997 2998 2999 
0 5 10	2996 
0 6 4	2634 2635 2756 2764 
0 6 5	2633 2634 2635 2665 2667 2681 2683 2756 2757 2758 2759 2764 2768 2800 2802 2803 
0 6 6	2664 2665 2667 2768 2769 2770 2771 2772 2774 2775 2776 2777 2778 2779 2780 2781 2782 2783 2800 2801 2802 2803 2804 2812 
0 6 7	2689 2690 2691 2696 2697 2698 2699 2700 2701 2702 2703 2746 2772 2774 2775 2776 2777 2779 2781 
0 6 8	2689 2692 2693 2694 2695 2696 2700 2701 2703 2736 2737 2738 2739 2746 2750 2976 2977 2979 
0 6 9	2693 2704 2705 2706 2707 2736 2737 2739 2968 2969 2970 2971 2976 2979 2996 2997 2999 
0 6 10	2705 2966 2968 2970 2971 2973 2996 
0 7 4	2756 2762 2764 2766 2767 
0 7 5	2756 2758 2759 2760 2762 2763 2764 2765 2766 2767 2802 2803 2810 2811 2814 
0 7 6	2777 2778 2779 2784 2786 2787 2801 2802 2803 2804 2805 2806 2807 2808 2810 2811 2812 2813 2814 2815 
0 7 7	2696 2697 2699 2729 2730 2731 2744 2745 2746 2747 2777 2779 2784 2787 2805 
0 7 8	2696 2730 2737 2738 2739 2740 2742 2743 2744 2746 2747 2748 2749 2750 2751 
0 7 9	2385 2705 2706 2707 2712 2714 2715 2716 2717 2718 2719 2737 2739 2740 2743 2748 2968 
0 7 10	2385 2388 2396 2705 2708 2710 2711 2712 2716 2717 2719 2966 2968 2973 
0 8 4	2584 2587 2762 2766 
0 8 5	2584 2585 2587 2592 2595 2613 2615 2760 2761 2762 2763 2766 2793 2809 2810 2811 
0 8 6	2592 2593 2595 2784 2785 2786 2787 2788 2790 2791 2792 2793 2794 2795 2796 2797 2798 2799 2806 2808 2809 2810 2811 2813 
0 8 7	2724 2726 2727 2728 2729 2730 2731 2732 2733 2734 2735 2744 2784 2785 2787 2788 2790 2791 2796 
0 8 8	2372 2373 2375 2720 2721 2722 2723 2724 2730 2732 2734 2735 2740 2741 2742 2743 2744 2749 
0 8 9	2373 2375 2384 2385 2386 2387 2416 2417 2419 2712 2713 2714 2715 2720 2740 2741 2743 
0 8 10	2385 2386 2387 2388 2396 2417 2712 
0 9 5	2592 2594 2595 2606 2613 2614 2615 
0 9 6	2324 2592 2593 2594 2595 2596 2598 2599 2604 2605 2606 2607 2788 2790 2791 2792 2797 
0 9 7	2324 2325 2327 2368 2369 2370 2371 2496 2497 2499 2596 2597 2598 2599 2724 2725 2726 2727 2732 2788 2789 2790 2791 
0 9 8	2369 2370 2371 2372 2373 2374 2375 2380 2381 2382 2383 2497 2499 2721 2724 2732 
0 9 9	2373 2374 2375 2381 2416 2417 2418 2419 
0 9 10	2417 
0 10 6	2324 2598 2605 
0 10 7	2324 2325 2327 2370 2496 2497 2499 2598 
0 10 8	2370 2382 2497 2499 
1 2 6	2868 2876 
1 2 7	2841 2868 3017 
1 2 8	3017 3066 3070 
1 3 4	2646 2647 2818 2826 2830 2831 
1 3 5	2824 2825 2826 2827 2829 2830 2831 2873 2874 2875 2878 
1 3 6	2850 2858 2862 2868 2870 2871 2872 2873 2874 2875 2876 2877 2878 2879 
1 3 7	2841 2848 2849 2850 2851 2862 2868 2869 2870 2871 3017 3048 3049 3051 3065 
1 3 8	3017 3042 3048 3049 3050 3051 3054 3060 3061 3062 3063 3064 3065 3066 3067 3068 3069 3070 3071 
1 3 9	3032 3033 3034 3035 3060 3061 3063 3068 
1 3 10	3032 
1 4 3	2640 4696 4697 4699 
1 4 4	2640 2641 2642 2643 2644 2646 2647 2648 2650 2651 2652 2653 2654 2655 2673 2676 2684 2818 2826 2830 4696 4697 4699 
1 4 5	2648 2649 2650 2651 2656 2658 2659 2676 2677 2678 2679 2684 2825 2826 2827 2830 2857 2873 2875 
1 4 6	2656 2657 2658 2659 2660 2668 2850 2854 2856 2857 2858 2859 2861 2862 2863 2872 2873 2875 
1 4 7	2660 2849 2850 2851 2852 2853 2854 2855 2860 2861 2862 2863 2982 3044 3045 3046 3047 3048 3051 3053 
1 4 8	2982 2984 2985 2986 2987 2989 3040 3041 3042 3043 3044 3046 3047 3048 3050 3051 3052 3053 3054 3055 3061 3062 3063 
1 4 9	2952 2953 2954 2955 2985 2986 2987 3000 3001 3002 3003 3032 3033 3035 3040 3061 3063 
1 4 10	2948 2950 2951 2952 2954 2955 2956 2957 2958 2959 3002 3032 
1 4 11	785 2948 2951 2956 
1 5 3	2628 2629 2631 2640 2672 4697 4699 4704 4705 4706 4707 4718 4725 
1 5 4	2628 2629 2630 2631 2632 2637 2640 2642 2643 2672 2673 2674 2675 2676 2682 2684 2686 2687 4697 4699 
1 5 5	2632 2658 2659 2666 2670 2676 2678 2679 2680 2681 2682 2683 2684 2685 2686 2687 
1 5 6	2657 2658 2659 2660 2666 2668 2670 2671 2854 
1 5 7	2660 2853 2854 2855 2982 3044 3045 3047 
1 5 8	2978 2982 2984 2986 2987 2989 2990 2991 3044 3047 
1 5 9	2952 2978 2986 2987 2990 2996 2998 2999 3000 3002 3003 3004 3005 3006 3007 
1 5 10	773 2948 2949 2950 2951 2952 2957 2960 2962 2963 2992 2993 2994 2995 2996 3002 3004 3006 3007 
1 5 11	773 784 785 786 787 816 817 819 2948 2949 2951 2960 2992 
1 6 3	2624 2625 2627 2628 2631 2636 4705 4706 4707 4708 4709 4710 4711 4716 4717 4718 4719 4820 
1 6 4	2624 2625 2626 2627 2628 2630 2631 2632 2634 2635 2636 2637 2638 2639 2682 2753 2756 2764 
1 6 5	2632 2633 2634 2635 2681 2682 2683 2756 2764 
1 6 9	2968 2970 2971 2996 2999 3004 
1 6 10	769 772 773 775 780 2960 2961 2962 2963 2964 2966 2967 2968 2970 2971 2972 2973 2974 2975 2993 2996 3004 
1 6 11	769 772 773 774 775 776 780 781 783 816 817 818 819 826 830 2960 
1 6 12	826 830 
1 7 3	2581 2583 2624 2627 2752 4709 4710 4711 4736 4738 4739 4820 4821 4822 4823 
1 7 4	2581 2582 2583 2624 2626 2627 2752 2753 2754 2755 2756 2762 2764 2766 2767 
1 7 5	2756 2762 2764 2766 2767 
1 7 9	2385 2968 
1 7 10	596 597 598 599 604 768 769 770 771 780 2385 2388 2389 2390 2391 2396 2708 2709 2710 2711 2964 2965 2966 2967 2968 2973 
1 7 11	596 598 599 600 601 602 603 604 605 606 607 628 769 770 771 776 777 778 779 780 781 782 783 826 
1 7 12	601 628 777 826 
1 8 3	2577 2579 2580 2581 2583 2588 4736 4737 4738 4739 4740 4742 4743 4748 4749 4750 4751 4822 
1 8 4	2577 2578 2579 2580 2581 2582 2583 2584 2586 2587 2588 2589 2590 2591 2612 2754 2762 2766 
1 8 5	2584 2585 2586 2587 2612 2613 2615 2762 2766 
1 8 9	2385 2386 2387 2417 2419 2428 
1 8 10	592 593 595 596 604 2385 2386 2387 2388 2390 2391 2392 2393 2394 2395 2396 2397 2398 2399 2417 2420 2428 
1 8 11	592 593 594 595 596 602 604 606 607 624 625 626 627 628 636 2393 
1 8 12	628 636 
1 9 3	2565 2576 2577 2579 2608 4740 4741 4742 4743 4749 4752 4755 4784 
1 9 4	2565 2566 2567 2576 2577 2578 2579 2586 2590 2608 2609 2610 2611 2612 2618 2620 2622 2623 4752 4755 
1 9 5	2586 2594 2602 2603 2606 2612 2613 2614 2615 2616 2618 2619 2620 2621 2622 2623 
1 9 6	2324 2594 2598 2600 2602 2603 2605 2606 2607 
1 9 7	2324 2325 2327 2370 2496 2497 2499 2598 
1 9 8	2370 2374 2376 2378 2379 2381 2382 2383 2497 2499 
1 9 9	2374 2376 2379 2381 2410 2417 2418 2419 2424 2426 2427 2428 2429 2430 2431 
1 9 10	592 2393 2394 2395 2400 2401 2402 2403 2410 2414 2417 2420 2421 2422 2423 2424 2428 2429 2431 
1 9 11	580 581 582 583 592 624 626 627 2393 2400 2401 2403 2421 
1 10 3	2565 4752 4753 4755 
1 10 4	2305 2308 2316 2561 2562 2563 2564 2565 2566 2567 2568 2570 2571 2572 2573 2574 2575 2610 2618 2622 4752 4753 4755 
1 10 5	2308 2309 2311 2316 2320 2352 2355 2568 2569 2570 2571 2601 2602 2603 2616 2617 2618 2619 2622 
1 10 6	2320 2321 2322 2323 2324 2330 2332 2334 2335 2352 2353 2355 2598 2600 2601 2602 2603 2605 
1 10 7	2324 2325 2326 2327 2328 2330 2331 2332 2333 2334 2335 2370 2496 2497 2498 2499 2506 2507 2510 2598 
1 10 8	2370 2376 2377 2378 2379 2382 2497 2498 2499 2500 2501 2502 2503 2504 2506 2507 2508 2509 2510 2511 2544 2546 2547 
1 10 9	2376 2377 2379 2408 2409 2410 2411 2424 2425 2426 2427 2501 2512 2513 2515 2544 2547 
1 10 10	2401 2402 2403 2408 2410 2411 2412 2413 2414 2415 2424 2513 
1 10 11	580 2401 2403 2412 
1 11 4	2305 2308 2316 2319 2562 2563 
1 11 5	2308 2309 2310 2311 2316 2317 2319 2352 2354 2355 2366 
1 11 6	2322 2330 2334 2352 2353 2354 2355 2356 2358 2359 2364 2365 2366 2367 
1 11 7	2328 2329 2330 2331 2334 2336 2356 2357 2358 2359 2505 2506 2507 2537 2553 
1 11 8	2502 2504 2505 2506 2507 2509 2537 2544 2545 2546 2547 2552 2553 2554 2555 2556 2557 2558 2559 
1 11 9	2512 2513 2514 2515 2544 2545 2547 2556 
1 11 10	2513 
1 12 6	2358 2365 
1 12 7	2336 2358 2537 
1 12 8	2537 2552 2557 
2 1 6	3110 3117 
2 1 7	2837 3008 3110 
2 2 4	3080 3082 3083 3084 3085 3086 3087 3130 
2 2 5	2821 2832 2864 2867 3080 3081 3082 3083 3113 3115 3129 3130 3131 
2 2 6	2832 2833 2834 2835 2836 2842 2844 2846 2847 2864 2865 2867 2868 2876 3110 3112 3113 3115 3117 
2 2 7	2836 2837 2838 2839 2840 2841 2842 2843 2844 2845 2846 2847 2868 3008 3009 3010 3011 3017 3018 3019 3022 3110 
2 2 8	2889 2890 2891 3009 3010 3011 3012 3013 3014 3015 3016 3017 3018 3019 3020 3021 3022 3023 3056 3058 3059 3066 3070 
2 2 9	2889 2891 2920 2921 2923 2937 3013 3024 3056 3059 
2 2 10	2920 2923 2924 2925 2927 
2 2 11	2924 
2 3 2	4953 
2 3 3	4692 4695 4948 4950 4951 4952 4953 4955 4956 4957 4959 
2 3 4	2645 2646 2647 2816 2817 2818 2819 2820 2828 2830 2831 3072 3073 3074 3075 3082 3083 3084 3086 3087 4692 4693 4695 4948 4949 4950 4951 4956 
2 3 5	2820 2821 2822 2823 2824 2828 2829 2830 2831 2864 2866 2867 2874 2878 3081 3082 3083 
2 3 6	2842 2864 2865 2866 2867 2868 2871 2874 2876 2878 2879 
2 3 7	2841 2842 2843 2868 2869 2871 3017 3019 3065 
2 3 8	3016 3017 3019 3056 3057 3058 3059 3060 3065 3066 3067 3068 3070 3071 
2 3 9	2920 2921 2923 3024 3025 3026 3027 3032 3034 3035 3036 3037 3038 3039 3056 3057 3059 3060 3068 
2 3 10	2916 2917 2918 2919 2920 2923 2924 2925 2927 2944 3025 3028 3029 3030 3031 3032 3036 3037 3039 
2 3 11	789 832 960 963 2916 2917 2919 2924 2944 3029 
2 4 2	4678 4688 4720 4721 4722 4723 4732 4953 
2 4 3	4688 4689 4690 4691 4692 4694 4695 4696 4697 4698 4699 4700 4701 4702 4703 4720 4721 4723 4724 4732 4950 4952 4953 4955 4957 
2 4 4	2641 2644 2645 2646 2647 2652 2818 2830 4692 4693 4694 4695 4696 4697 4699 4701 4950 
2 4 5	2830 
2 4 9	2954 3032 3035 3037 
2 4 10	2944 2945 2946 2947 2948 2954 2956 2958 2959 3029 3030 3031 3032 3037 
2 4 11	785 788 789 790 791 792 796 797 799 960 962 963 970 974 2944 2945 2947 2948 2956 3029 
2 4 12	792 970 971 974 
2 5 2	4678 4680 4681 4683 4685 4714 4721 4722 4723 4728 4729 4730 4731 4732 4733 4734 4735 
2 5 3	4697 4698 4699 4704 4706 4707 4714 4718 4721 4723 4724 4725 4726 4727 4728 4732 4733 4735 
2 5 4	4697 4699 
2 5 10	2948 
2 5 11	785 786 787 792 794 795 796 797 798 799 817 819 820 828 970 2948 
2 5 12	792 793 794 795 800 820 821 823 828 969 970 971 
2 6 2	4681 4683 4712 4713 4714 4715 4728 4729 4731 4805 4816 4817 4818 4819 4828 4848 4849 4851 
2 6 3	4706 4707 4710 4712 4714 4715 4717 4718 4719 4728 4817 4820 4828 
2 6 11	776 817 818 819 820 826 827 828 830 831 
2 6 12	800 801 802 803 810 812 814 815 820 821 822 823 824 826 827 828 829 830 831 
2 6 13	801 812 
2 7 2	4817 4818 4819 4824 4826 4827 4828 4829 4830 4831 4849 4851 4852 4855 4860 
2 7 3	4710 4738 4817 4820 4822 4823 4824 4828 4829 4831 
2 7 11	601 602 603 628 629 631 776 777 779 825 826 827 
2 7 12	601 608 609 610 611 612 620 621 622 623 628 629 630 631 777 806 808 809 810 811 812 813 814 815 824 825 826 827 
2 7 13	612 621 806 812 
2 8 2	4744 4745 4746 4747 4777 4779 4793 4794 4795 4824 4825 4826 4827 4829 4832 4852 4853 4855 
2 8 3	4738 4742 4743 4744 4746 4747 4749 4750 4751 4794 4822 4824 4829 
2 8 11	602 625 626 627 628 631 634 636 638 639 
2 8 12	610 616 617 618 619 621 622 623 628 630 631 632 633 634 635 636 637 638 639 
2 8 13	616 621 
2 9 2	4744 4770 4777 4778 4779 4782 4788 4790 4791 4792 4793 4794 4795 4796 4797 4798 4799 
2 9 3	4741 4742 4743 4744 4749 4752 4754 4755 4784 4785 4786 4787 4788 4791 4794 4796 4798 4799 
2 9 4	4752 4755 
2 9 10	2401 
2 9 11	580 582 583 584 586 587 588 589 590 591 626 627 634 638 708 2401 
2 9 12	584 585 586 587 617 633 634 635 638 708 709 711 
2 10 2	4432 4761 4770 4788 4789 4790 4791 4796 
2 10 3	4432 4433 4435 4436 4444 4752 4753 4754 4755 4756 4758 4759 4760 4761 4762 4763 4764 4765 4766 4767 4785 4788 4789 4791 4796 
2 10 4	2305 2316 2560 2561 2562 2563 2564 2572 4436 4752 4753 4755 4756 4757 4758 4759 4764 
2 10 5	2316 
2 10 9	2408 2513 2515 2524 
2 10 10	2401 2404 2405 2406 2407 2408 2412 2413 2415 2513 2516 2517 2519 2524 
2 10 11	576 577 578 579 580 586 588 590 591 704 705 707 708 716 2401 2404 2405 2407 2412 2517 
2 10 12	586 708 711 716 
2 11 2	4432 
2 11 3	4432 4433 4435 4436 4438 4439 4444 4445 4447 4758 4759 
2 11 4	2132 2133 2134 2135 2136 2139 2140 2141 2143 2304 2305 2306 2307 2314 2316 2318 2319 2560 2562 2563 4436 4437 4438 4439 4445 4757 4758 4759 
2 11 5	2136 2137 2139 2310 2312 2313 2314 2315 2316 2317 2318 2319 2354 2361 2362 2363 2366 
2 11 6	2338 2354 2358 2359 2360 2361 2362 2363 2365 2366 2367 
2 11 7	2336 2338 2339 2357 2358 2359 2537 2539 2553 
2 11 8	2537 2538 2539 2545 2548 2549 2550 2551 2552 2553 2555 2556 2557 2559 
2 11 9	2441 2442 2443 2513 2514 2515 2520 2521 2522 2523 2524 2525 2526 2527 2545 2548 2549 2551 2556 
2 11 10	2405 2432 2433 2434 2435 2442 2443 2444 2446 2447 2513 2516 2517 2518 2519 2520 2524 2525 2527 
2 11 11	533 576 704 707 2405 2432 2433 2435 2444 2517 
2 12 4	2136 2138 2139 2140 2141 2142 2143 2164 
2 12 5	2136 2137 2138 2139 2144 2147 2164 2165 2167 2313 2345 2361 2363 
2 12 6	2144 2145 2147 2148 2156 2338 2342 2344 2345 2346 2347 2349 2350 2351 2358 2360 2361 2363 2365 
2 12 7	2148 2336 2337 2338 2339 2340 2341 2342 2343 2348 2349 2350 2351 2358 2532 2533 2534 2535 2536 2537 2539 2541 
2 12 8	2472 2473 2475 2528 2529 2530 2531 2532 2534 2535 2536 2537 2538 2539 2540 2541 2542 2543 2549 2550 2551 2552 2557 
2 12 9	2441 2442 2443 2473 2475 2489 2521 2528 2549 2551 
2 12 10	2442 2443 2444 2446 2447 
2 12 11	2444 
2 13 6	2148 2156 
2 13 7	2148 2341 2533 
3 1 4	3124 
3 1 5	3104 3106 3107 3118 3124 3125 3126 3127 
3 1 6	3104 3105 3106 3107 3108 3110 3111 3116 3117 3118 3119 3300 3302 3303 3304 3309 
3 1 7	2837 2880 2881 2882 2883 3008 3108 3109 3110 3111 3236 3237 3238 3239 3244 3300 3301 3302 3303 
3 1 8	2881 2882 2883 2884 2885 2886 2887 2892 2893 2894 2895 3233 3236 3244 
3 1 9	2885 2886 2887 2893 2928 2929 2930 2931 2940 2942 2943 
3 1 10	2929 2932 2940 2943 
3 2 2	4990 
3 2 3	3077 3088 3091 3120 4933 4944 4976 4978 4979 4990 
3 2 4	3076 3077 3078 3079 3080 3084 3085 3087 3088 3090 3091 3120 3121 3122 3123 3124 3130 3132 3134 3135 4944 
3 2 5	3080 3106 3113 3114 3115 3118 3124 3126 3127 3128 3129 3130 3131 3132 3133 3134 3135 
3 2 6	2836 3106 3110 3111 3112 3113 3114 3115 3117 3118 3119 
3 2 7	2836 2837 2839 2880 2882 2883 3008 3009 3011 3109 3110 3111 
3 2 8	2882 2883 2886 2888 2889 2890 2891 2893 2894 2895 3009 3011 3012 3020 
3 2 9	2886 2888 2889 2891 2893 2920 2921 2922 2923 2930 2936 2937 2938 2939 2940 2941 2942 2943 
3 2 10	2912 2913 2914 2915 2920 2922 2923 2924 2925 2926 2927 2932 2933 2934 2935 2936 2940 2941 2943 
3 2 11	836 837 838 839 2912 2913 2915 2924 2933 
3 3 2	4953 4962 4974 4980 4981 4982 4983 4988 4989 4990 4991 
3 3 3	3077 4944 4945 4946 4947 4948 4952 4953 4954 4955 4956 4957 4958 4959 4976 4977 4978 4979 4980 4981 4983 4988 4990 4991 
3 3 4	3073 3076 3077 3079 3084 3087 4944 4945 4947 4948 4956 
3 3 9	2920 2921 2923 
3 3 10	2913 2916 2917 2919 2920 2923 2924 2925 2927 
3 3 11	832 833 834 835 836 838 839 840 842 843 844 845 846 847 960 961 963 964 972 2913 2916 2917 2919 2924 
3 3 12	840 841 842 843 964 965 967 972 1008 
3 4 1	4673 4964 
3 4 2	4673 4676 4677 4678 4679 4684 4688 4720 4722 4723 4953 4960 4961 4962 4963 4964 4972 4974 4975 4981 4982 4983 
3 4 3	4688 4720 4723 4952 4953 4955 4957 4981 4983 
3 4 11	960 961 962 963 964 970 972 974 975 
3 4 12	964 965 966 967 968 970 971 972 973 974 975 1008 1010 1011 1018 1022 1023 
3 4 13	1023 
3 5 1	4673 4674 4675 4682 4686 4801 4802 4803 4804 4812 4964 
3 5 2	4673 4674 4675 4676 4678 4679 4680 4681 4682 4683 4684 4685 4686 4687 4722 4723 4804 4964 
3 5 3	4723 
3 5 11	970 
3 5 12	793 800 821 968 969 970 971 1001 1002 1003 1016 1017 1018 1019 1021 1022 1023 
3 5 13	994 1002 1003 1006 1014 1016 1021 1023 
3 6 1	4682 4801 4802 4803 4804 4806 4807 4808 4809 4810 4811 4812 4813 4814 4815 4850 4858 4862 
3 6 2	4681 4682 4683 4804 4805 4806 4807 4848 4849 4850 4851 4862 
3 6 12	800 801 803 804 812 815 821 1000 1001 1002 1003 
3 6 13	801 804 812 994 996 998 999 1000 1002 1003 1004 1005 1006 1007 
3 7 1	4808 4809 4811 4841 4842 4843 4850 4854 4856 4857 4858 4859 4861 4862 4863 
3 7 2	4849 4850 4851 4852 4854 4855 4860 4861 4862 4863 
3 7 12	612 614 615 620 621 623 804 806 807 812 813 815 
3 7 13	612 613 614 615 621 640 724 725 726 727 804 805 806 807 812 933 996 997 998 999 
3 8 1	4776 4833 4834 4835 4836 4838 4839 4840 4841 4842 4843 4844 4845 4846 4847 4854 4856 4861 
3 8 2	4776 4777 4779 4832 4833 4834 4835 4852 4853 4854 4855 4861 
3 8 12	614 616 617 619 621 623 633 720 721 722 723 
3 8 13	614 616 621 721 722 723 724 726 727 730 732 733 734 735 
3 9 1	4417 4772 4774 4775 4776 4781 4833 4836 4838 4839 4844 
3 9 2	4417 4769 4770 4771 4772 4774 4775 4776 4777 4778 4779 4780 4781 4782 4783 4790 4791 4833 
3 9 3	4791 
3 9 11	708 
3 9 12	585 617 633 708 709 710 711 720 722 723 752 753 754 755 764 766 767 
3 9 13	722 723 730 734 753 756 764 767 
3 10 1	4417 4772 
3 10 2	4417 4420 4421 4422 4423 4428 4429 4431 4432 4464 4466 4467 4761 4768 4769 4770 4771 4772 4780 4789 4790 4791 
3 10 3	4432 4433 4435 4444 4464 4467 4761 4789 4791 
3 10 11	704 705 706 707 708 714 716 718 719 
3 10 12	708 710 711 712 713 714 715 716 717 718 719 754 761 762 763 766 767 
3 10 13	767 
3 11 2	4422 4429 4432 4464 4465 4466 4467 4476 4477 4478 4479 
3 11 3	2128 4432 4433 4434 4435 4438 4440 4441 4442 4443 4444 4445 4446 4447 4464 4465 4467 4468 4469 4470 4471 4476 4477 4479 
3 11 4	2128 2129 2131 2132 2140 2143 4438 4440 4441 4443 4445 
3 11 9	2441 2442 2443 
3 11 10	2432 2433 2435 2436 2442 2443 2444 2446 2447 
3 11 11	529 530 531 532 533 534 535 536 538 539 540 541 542 543 704 706 707 714 718 2432 2433 2435 2436 2444 
3 11 12	536 537 538 539 713 714 715 718 761 
3 12 2	4477 
3 12 3	2117 2119 2128 2160 4441 4448 4469 4470 4471 4477 
3 12 4	2117 2118 2119 2128 2129 2130 2131 2138 2140 2142 2143 2160 2161 2162 2163 2164 2170 2172 2174 2175 4441 
3 12 5	2138 2144 2146 2147 2154 2158 2164 2165 2166 2167 2168 2170 2171 2172 2173 2174 2175 
3 12 6	2144 2145 2146 2147 2148 2151 2154 2156 2158 2159 2342 
3 12 7	2148 2149 2151 2341 2342 2343 2469 2470 2471 2532 2533 2535 
3 12 8	2466 2470 2471 2472 2473 2474 2475 2477 2478 2479 2529 2532 2535 2540 
3 12 9	2440 2441 2442 2443 2466 2473 2474 2475 2478 2486 2488 2489 2490 2491 2492 2493 2494 2495 
3 12 10	2436 2437 2438 2439 2440 2442 2443 2444 2445 2446 2447 2480 2481 2482 2483 2490 2492 2494 2495 
3 12 11	528 529 530 531 2436 2437 2439 2444 2480 
3 13 4	2170 
3 13 5	2153 2154 2155 2158 2168 2169 2170 2171 
3 13 6	2148 2150 2151 2152 2153 2154 2155 2156 2157 2158 2159 2257 2260 2262 2263 2268 
3 13 7	2148 2149 2150 2151 2176 2177 2178 2179 2188 2260 2261 2262 2263 2341 2468 2469 2470 2471 2533 
3 13 8	2177 2180 2188 2464 2465 2466 2467 2468 2470 2471 2476 2477 2478 2479 
3 13 9	2464 2466 2467 2478 2484 2485 2486 2487 2492 2493 2495 
3 13 10	2481 2484 2492 2495 
4 0 6	3296 3298 3299 3318 3325 
4 0 7	3241 3242 3243 3256 3296 3299 
4 0 8	3242 3256 3261 
4 1 3	3092 3095 3100 
4 1 4	3092 3094 3095 3096 3098 3099 3100 3101 3102 3103 3124 3274 
4 1 5	3096 3097 3098 3099 3104 3107 3124 3125 3127 3272 3273 3274 3275 3305 3321 3322 3323 
4 1 6	3104 3105 3107 3296 3297 3298 3299 3300 3302 3303 3304 3305 3306 3307 3308 3309 3310 3311 3318 3320 3321 3322 3323 3325 
4 1 7	3236 3238 3239 3240 3241 3242 3243 3244 3245 3246 3247 3256 3296 3297 3299 3300 3302 3303 3308 
4 1 8	2884 2885 2887 3232 3233 3234 3235 3236 3242 3244 3246 3247 3252 3253 3254 3255 3256 3261 
4 1 9	2885 2887 2896 2897 2898 2899 2928 2929 2931 2940 3224 3225 3226 3227 3232 3252 3253 3255 
4 1 10	849 852 860 2897 2898 2899 2900 2902 2903 2904 2906 2907 2908 2909 2910 2911 2929 2932 2940 3224 
4 1 11	849 852 860 863 
4 2 2	4936 4937 4938 4939 4986 4990 
4 2 3	3088 3089 3091 3092 3095 3100 4929 4930 4931 4932 4933 4934 4935 4936 4938 4939 4940 4941 4942 4943 4976 4978 4979 4986 4990 
4 2 4	3088 3089 3090 3091 3092 3095 3098 3100 3102 3103 3121 3124 3132 
4 2 5	3098 3124 3127 3132 
4 2 9	2940 
4 2 10	848 849 851 860 2904 2905 2906 2907 2912 2932 2933 2935 2940 
4 2 11	837 838 839 848 849 850 851 858 860 862 863 880 881 882 883 884 892 894 895 2905 2912 2933 
4 2 12	884 892 893 894 895 
4 3 1	4968 5073 5075 
4 3 2	4936 4937 4939 4962 4968 4969 4970 4971 4974 4982 4984 4985 4986 4987 4989 4990 4991 5072 5073 5075 
4 3 3	4936 4939 4976 4978 4979 4986 4990 4991 
4 3 11	838 839 840 843 845 882 890 894 895 
4 3 12	840 841 843 872 873 874 875 888 889 890 891 893 894 895 965 976 977 979 1008 
4 3 13	872 977 979 988 
4 4 1	4673 4964 4965 4966 4967 4968 4973 4994 5073 5075 5076 5077 5078 5079 5084 
4 4 2	4673 4962 4964 4966 4967 4968 4970 4971 4972 4973 4974 4975 4982 5073 5075 
4 4 12	965 976 977 978 979 1008 1009 1010 1011 1020 1022 1023 
4 4 13	977 978 979 986 987 988 990 991 1009 1012 1020 1023 
4 5 0	4636 
4 5 1	4628 4629 4630 4631 4636 4672 4673 4674 4675 4800 4801 4802 4803 4964 4965 4967 4992 4993 4994 4995 5077 5078 5079 
4 5 2	4673 4674 4675 4964 4967 
4 5 12	1020 1021 1022 1023 
4 5 13	905 937 953 985 986 987 992 994 995 1006 1012 1013 1014 1015 1020 1021 1023 
4 6 0	4634 4636 4638 4639 4660 
4 6 1	4628 4630 4631 4632 4633 4634 4635 4636 4637 4638 4639 4660 4801 4802 4803 4809 4810 4811 4814 
4 6 13	934 936 937 938 939 941 942 943 953 992 993 994 995 996 999 1004 1006 1007 
4 6 14	938 942 943 
4 7 0	4634 4642 4660 4662 4663 
4 7 1	4633 4634 4635 4640 4642 4643 4660 4661 4662 4663 4809 4811 4841 4843 4857 
4 7 13	640 641 642 643 644 652 653 654 655 725 726 727 929 932 933 934 935 940 941 942 943 996 997 999 
4 7 14	644 652 653 655 929 940 942 943 
4 8 0	4642 4653 4654 4655 4662 
4 8 1	4640 4641 4642 4643 4644 4646 4647 4652 4653 4654 4655 4662 4836 4838 4839 4840 4841 4843 4845 
4 8 13	642 648 649 650 651 653 654 655 697 726 727 728 729 730 731 733 734 735 
4 8 14	648 653 655 
4 9 0	4653 
4 9 1	4372 4373 4374 4375 4416 4417 4419 4544 4546 4547 4644 4645 4646 4647 4653 4772 4773 4774 4775 4836 4837 4838 4839 
4 9 2	4417 4419 4772 4774 4775 
4 9 12	764 765 766 767 
4 9 13	649 681 697 729 730 731 734 736 738 739 756 757 758 759 764 765 767 
4 10 1	4374 4416 4417 4418 4419 4426 4430 4544 4545 4546 4547 4548 4551 4556 4772 
4 10 2	4417 4418 4419 4422 4424 4426 4427 4428 4429 4430 4431 4466 4548 4551 4772 
4 10 12	713 744 745 746 747 760 761 762 763 765 766 767 
4 10 13	738 739 744 746 747 749 750 751 758 760 765 767 
4 11 1	4426 4548 4551 
4 11 2	4422 4424 4425 4426 4427 4429 4457 4458 4459 4466 4472 4473 4474 4475 4477 4478 4479 4548 4549 4551 
4 11 3	4458 4459 4469 4470 4471 4472 4477 4479 
4 11 11	530 531 538 539 542 561 564 572 575 
4 11 12	537 538 539 544 545 546 547 564 565 566 567 572 573 575 713 744 745 747 761 
4 11 13	545 744 747 749 
4 12 2	4456 4457 4458 4459 4472 4477 
4 12 3	2113 2115 2116 2117 2119 2124 4448 4449 4450 4451 4452 4454 4455 4456 4458 4459 4460 4461 4462 4463 4469 4470 4471 4472 4477 
4 12 4	2113 2115 2116 2117 2118 2119 2120 2124 2125 2127 2162 2170 2174 
4 12 5	2120 2170 2171 2174 
4 12 9	2492 
4 12 10	516 517 519 524 2437 2448 2449 2450 2451 2480 2481 2483 2492 
4 12 11	516 517 518 519 520 524 525 527 528 530 531 560 561 562 563 570 572 574 575 2437 2448 2480 
4 12 12	570 572 573 574 575 
4 13 3	2113 2115 2124 
4 13 4	2113 2114 2115 2120 2122 2123 2124 2125 2126 2127 2170 2244 
4 13 5	2120 2121 2122 2123 2153 2155 2169 2170 2171 2244 2245 2246 2247 2256 2288 2290 2291 
4 13 6	2152 2153 2155 2256 2257 2258 2259 2260 2262 2263 2264 2265 2266 2267 2268 2269 2270 2271 2288 2289 2290 2291 2292 2300 
4 13 7	2177 2178 2179 2184 2185 2186 2187 2188 2189 2190 2191 2234 2260 2262 2263 2264 2265 2267 2269 
4 13 8	2177 2180 2181 2182 2183 2184 2188 2189 2191 2224 2225 2226 2227 2234 2238 2464 2465 2467 
4 13 9	2181 2192 2193 2194 2195 2224 2225 2227 2456 2457 2458 2459 2464 2467 2484 2485 2487 2492 
4 13 10	513 516 524 2193 2449 2450 2451 2452 2454 2455 2456 2458 2459 2460 2461 2462 2463 2481 2484 2492 
4 13 11	513 516 524 527 
4 14 6	2265 2266 2267 2292 2300 
4 14 7	2184 2185 2187 2234 2265 2267 
4 14 8	2184 2234 2238 
5 0 5	3269 3270 3271 3312 3314 3315 3326 
5 0 6	3282 3288 3289 3290 3291 3294 3296 3298 3299 3312 3313 3314 3315 3316 3317 3318 3319 3324 3325 3326 3327 
5 0 7	3208 3209 3210 3211 3213 3241 3242 3243 3256 3257 3258 3259 3288 3289 3291 3296 3299 3317 
5 0 8	3206 3208 3213 3242 3248 3249 3250 3251 3256 3258 3259 3260 3261 3262 3263 
5 0 9	3216 3217 3218 3219 3248 3249 3251 3260 3480 
5 0 10	3217 3480 
5 1 3	3092 3093 3095 3136 3139 3264 4885 4886 4887 4928 5056 
5 1 4	3092 3093 3094 3095 3096 3101 3136 3138 3139 3264 3265 3266 3267 3268 3274 3276 3278 3279 
5 1 5	3096 3268 3269 3270 3271 3272 3274 3275 3276 3277 3278 3279 3314 3322 3323 3326 
5 1 6	3296 3298 3299 3314 3318 3320 3322 3323 3325 3326 3327 
5 1 7	3241 3242 3243 3256 3296 3299 
5 1 8	3242 3249 3252 3254 3255 3256 3260 3261 3263 
5 1 9	2897 3217 3218 3219 3224 3226 3227 3228 3229 3230 3231 3249 3252 3255 3260 3480 
5 1 10	852 853 854 855 860 1024 1025 1026 1027 2897 2900 2901 2902 2903 2908 3217 3220 3221 3222 3223 3224 3228 3229 3231 3476 3477 3478 3479 3480 3485 
5 1 11	852 854 855 856 860 861 863 1025 1026 1027 1034 1035 1038 
5 2 2	4937 4938 4939 5060 5061 5062 5063 5068 5069 5070 5071 5106 5118 
5 2 3	3092 3093 3095 4885 4886 4887 4928 4929 4930 4931 4938 4939 4942 5056 5057 5058 5059 5060 5068 5070 5071 
5 2 4	3092 3093 3095 
5 2 10	860 
5 2 11	856 857 858 859 860 861 862 863 884 885 887 892 895 1033 1034 1035 1081 
5 2 12	857 864 865 866 867 884 885 886 887 892 893 895 1033 1064 1065 1067 1081 
5 3 1	5073 5074 5075 5082 5086 5105 5108 5116 5119 
5 3 2	4937 4939 4969 4985 5061 5062 5063 5072 5073 5074 5075 5104 5105 5106 5107 5116 5118 5119 
5 3 3	4939 
5 3 11	895 
5 3 12	865 866 867 868 870 871 872 874 875 876 877 878 879 886 888 893 895 977 1064 
5 3 13	868 869 870 871 872 877 896 977 980 981 983 988 
5 4 0	5000 
5 4 1	4994 5000 5001 5002 5003 5006 5073 5074 5075 5076 5078 5079 5080 5081 5082 5083 5084 5085 5086 5087 5108 
5 4 2	5073 5074 5075 
5 4 12	977 
5 4 13	896 898 899 906 910 911 977 980 981 982 983 984 986 987 988 989 990 991 
5 4 14	911 
5 5 0	4625 4636 4996 4997 4998 4999 5000 5004 5005 5007 
5 5 1	4625 4628 4636 4993 4994 4995 4996 5000 5002 5003 5004 5005 5006 5007 5078 5079 
5 5 13	904 905 906 907 909 910 911 937 953 954 955 984 985 986 987 
5 5 14	902 904 909 911 946 954 955 958 
5 6 0	4624 4625 4626 4627 4634 4636 4638 4639 4656 4657 4658 4659 4660 4668 4996 4997 4999 
5 6 1	4625 4628 4634 4636 4638 4639 4660 4996 
5 6 13	937 938 939 942 943 952 953 954 955 
5 6 14	930 938 942 943 946 948 950 951 952 954 955 956 957 958 959 
5 7 0	4634 4642 4657 4658 4659 4660 4662 4663 4664 4666 4667 4668 4669 4670 4671 
5 7 1	4634 4642 4660 4662 4663 
5 7 13	644 652 653 655 929 940 942 943 
5 7 14	644 645 646 647 652 653 655 656 688 689 690 691 921 928 929 930 931 940 942 943 948 949 950 951 
5 8 0	4368 4369 4371 4642 4648 4649 4650 4651 4653 4654 4655 4662 4664 4665 4666 4667 4669 
5 8 1	4369 4642 4646 4648 4653 4654 4655 4662 
5 8 13	648 649 651 653 655 696 697 698 699 
5 8 14	646 648 653 655 689 690 691 694 696 698 699 700 701 702 703 
5 9 0	4368 4369 4370 4371 4378 4380 4382 4383 4648 4653 
5 9 1	4369 4372 4374 4375 4376 4378 4379 4380 4381 4382 4383 4546 4547 4646 4648 4653 
5 9 13	649 680 681 682 683 685 686 687 696 697 699 736 737 738 739 
5 9 14	674 682 686 687 694 696 699 701 
5 10 0	4378 
5 10 1	4374 4376 4377 4378 4379 4381 4545 4546 4547 4548 4550 4551 4552 4553 4554 4555 4556 4557 4558 4559 4602 
5 10 2	4548 4550 4551 
5 10 12	744 
5 10 13	677 678 679 680 685 687 737 738 739 740 741 742 743 744 748 749 750 751 
5 10 14	687 
5 11 1	4548 4550 4551 4552 4557 4594 4602 4606 4607 
5 11 2	4425 4457 4459 4473 4548 4549 4550 4551 4560 4562 4563 4592 4593 4594 4595 4604 4606 4607 
5 11 3	4459 
5 11 11	575 
5 11 12	353 545 546 547 548 550 551 552 554 555 556 557 558 559 566 568 573 575 744 
5 11 13	545 548 549 550 551 556 677 741 742 743 744 749 
5 12 2	4456 4457 4459 4560 4561 4562 4563 4572 4573 4574 4575 4593 4604 
5 12 3	2112 2113 2115 4452 4453 4454 4455 4456 4459 4461 4480 4482 4483 4561 4564 4565 4566 4567 4572 4573 4575 
5 12 4	2112 2113 2115 
5 12 10	524 
5 12 11	344 345 347 373 520 521 522 523 524 525 526 527 569 570 571 574 575 
5 12 12	345 352 353 355 373 521 552 553 554 555 568 569 570 571 573 574 575 
5 13 3	2069 2071 2112 2113 2115 2240 4453 4480 4482 4483 4565 
5 13 4	2069 2070 2071 2112 2113 2114 2115 2122 2126 2240 2241 2242 2243 2244 2250 2252 2254 2255 
5 13 5	2122 2244 2246 2247 2248 2249 2250 2251 2252 2253 2254 2255 2290 2291 2298 2302 
5 13 6	2265 2266 2267 2289 2290 2291 2292 2298 2300 2302 2303 
5 13 7	2184 2185 2187 2234 2265 2267 
5 13 8	2184 2225 2226 2227 2228 2234 2236 2238 2239 
5 13 9	1873 2193 2194 2195 2200 2202 2203 2204 2205 2206 2207 2225 2227 2228 2236 2456 
5 13 10	340 341 342 343 512 513 514 515 524 1873 1876 1877 1878 1879 1884 2193 2196 2197 2198 2199 2200 2204 2205 2207 2452 2453 2454 2455 2456 2461 
5 13 11	340 342 343 344 347 349 513 514 515 522 524 526 527 
5 14 5	2248 2249 2251 2297 2298 2299 2302 
5 14 6	2265 2266 2267 2272 2273 2274 2275 2282 2286 2292 2293 2294 2295 2296 2297 2298 2299 2300 2301 2302 2303 
5 14 7	2184 2185 2187 2216 2217 2218 2219 2222 2232 2233 2234 2235 2265 2267 2272 2273 2275 2293 
5 14 8	2184 2210 2218 2222 2228 2229 2230 2231 2232 2234 2235 2236 2237 2238 2239 
5 14 9	1873 2200 2201 2202 2203 2228 2229 2231 2236 
5 14 10	1873 2200 
6 0 4	3144 3147 3194 
6 0 5	3144 3145 3147 3177 3179 3193 3194 3195 3269 3271 3280 3312 3315 
6 0 6	3174 3176 3177 3179 3181 3280 3281 3282 3283 3284 3286 3287 3288 3290 3291 3292 3293 3294 3295 3312 3313 3315 
6 0 7	3174 3200 3201 3202 3203 3208 3210 3211 3212 3213 3214 3215 3284 3285 3286 3287 3288 3291 3293 3492 
6 0 8	3201 3204 3205 3206 3207 3208 3212 3213 3215 3248 3250 3251 3488 3489 3490 3491 3492 3500 
6 0 9	3205 3216 3217 3219 3248 3251 3480 3481 3482 3483 3488 3490 3491 3508 3509 3510 3511 3516 
6 0 10	3217 3480 3482 3483 3508 3516 
6 1 3	3136 3137 3139 3140 3143 3148 4881 4884 4885 4886 4887 4892 4893 4894 4895 
6 1 4	3136 3137 3138 3139 3140 3142 3143 3144 3146 3147 3148 3149 3150 3151 3194 3265 3268 3276 
6 1 5	3144 3145 3146 3147 3194 3268 3269 3271 3276 
6 1 9	3217 3219 3480 3482 3483 3508 3516 
6 1 10	1025 1026 1027 1028 1029 1031 1036 3217 3472 3473 3474 3475 3476 3478 3479 3480 3482 3483 3484 3485 3486 3487 3505 3508 3516 
6 1 11	1025 1026 1027 1028 1029 1030 1031 1032 1034 1035 1036 1037 1038 1039 1072 1074 1075 1082 1086 1087 3472 
6 1 12	1082 1086 1087 
6 2 2	4888 4889 4890 4891 5062 5064 5065 5066 5067 5069 5070 5071 5097 5106 5113 5114 5115 5118 
6 2 3	4885 4886 4887 4888 4890 4891 4893 4894 4895 5058 5066 5070 5071 
6 2 11	1032 1033 1034 1035 1081 1082 1083 1086 1087 
6 2 12	865 1033 1058 1064 1065 1066 1067 1068 1069 1070 1071 1078 1080 1081 1082 1083 1085 1086 1087 
6 2 13	1068 
6 3 1	5082 5088 5090 5091 5098 5099 5102 5108 5109 5110 5111 5112 5116 5117 5119 
6 3 2	5062 5097 5098 5099 5106 5112 5113 5114 5115 5116 5117 5118 5119 
6 3 12	865 868 871 876 1060 1062 1063 1064 1068 1069 1071 
6 3 13	868 869 871 896 981 1060 1061 1062 1063 1068 1189 1252 1253 1254 1255 
6 4 0	5000 5034 5048 5050 5051 
6 4 1	5000 5001 5003 5033 5034 5035 5048 5049 5050 5051 5081 5082 5083 5088 5091 5108 5109 5111 
6 4 13	896 897 898 899 900 908 910 911 981 1185 1188 1189 1190 1191 1196 1252 1253 1255 
6 4 14	900 908 911 1185 1187 1196 
6 5 0	4997 4998 4999 5000 5005 5034 5040 5041 5042 5043 5048 5050 5051 5052 5053 5054 5055 
6 5 1	5000 5003 5005 5034 5048 5050 5051 
6 5 13	900 908 909 910 911 1185 
6 5 14	900 901 902 903 908 909 911 912 944 946 947 958 1177 1184 1185 1187 1205 
6 6 0	4612 4613 4614 4615 4624 4656 4658 4659 4997 4999 5008 5009 5010 5011 5012 5020 5022 5023 5040 5041 5043 5052 
6 6 14	912 913 914 915 916 922 924 926 927 944 945 946 947 948 951 956 958 959 1177 
6 7 0	4353 4356 4364 4609 4610 4611 4612 4614 4615 4616 4618 4619 4620 4621 4622 4623 4658 4659 4666 4667 4670 5009 5012 5020 
6 7 14	656 657 658 659 660 662 663 668 669 670 671 688 689 691 916 918 919 920 921 922 923 924 925 926 927 948 949 951 
6 8 0	4353 4356 4357 4358 4359 4364 4365 4367 4368 4371 4400 4402 4403 4414 4616 4617 4618 4619 4649 4665 4666 4667 
6 8 14	400 658 662 664 665 666 667 669 670 671 689 691 692 693 694 695 700 701 703 
6 9 0	4368 4370 4371 4378 4382 4386 4400 4401 4402 4403 4404 4406 4407 4412 4413 4414 4415 
6 9 1	4378 4379 4382 4386 4404 4406 4407 
6 9 13	388 673 684 685 686 687 
6 9 14	388 389 391 400 432 665 672 673 674 675 684 686 687 693 694 695 701 
6 10 0	4378 4386 4404 4406 4407 
6 10 1	4377 4378 4379 4384 4386 4387 4404 4405 4406 4407 4552 4553 4555 4585 4587 4601 4602 4603 
6 10 13	384 385 386 387 388 396 469 470 471 673 676 677 678 679 684 685 687 741 
6 10 14	388 391 396 673 684 687 
6 11 1	4552 4578 4579 4585 4586 4587 4590 4598 4600 4601 4602 4603 4605 4606 4607 
6 11 2	4562 4576 4578 4579 4593 4596 4597 4598 4599 4604 4605 4606 4607 
6 11 12	353 356 358 359 364 365 367 550 551 552 557 
6 11 13	356 357 358 359 365 384 468 469 470 471 549 550 551 677 741 
6 12 2	4488 4489 4490 4491 4562 4568 4569 4570 4571 4573 4574 4575 4576 4593 4596 4597 4599 4604 
6 12 3	4480 4482 4483 4488 4490 4491 4493 4494 4495 4566 4568 4573 4575 
6 12 11	344 345 346 347 372 373 375 380 383 
6 12 12	345 352 353 354 355 362 364 365 366 367 372 373 374 375 376 380 381 383 552 
6 12 13	365 
6 13 3	2065 2067 2068 2069 2071 2076 4480 4481 4482 4483 4484 4492 4493 4494 4495 
6 13 4	2065 2066 2067 2068 2069 2070 2071 2072 2074 2075 2076 2077 2078 2079 2100 2242 2250 2254 
6 13 5	2072 2073 2074 2075 2100 2249 2250 2251 2254 
6 13 9	1873 1874 1875 1905 1916 2200 2203 
6 13 10	336 337 339 340 342 343 348 1873 1874 1875 1876 1878 1879 1880 1881 1882 1883 1884 1885 1886 1887 1905 1908 1916 2200 
6 13 11	336 337 338 339 340 342 343 344 346 347 348 349 350 351 368 369 371 372 380 383 1881 
6 13 12	372 380 383 
6 14 4	2074 2075 2100 
6 14 5	2073 2074 2075 2080 2083 2100 2101 2103 2249 2251 2281 2297 2299 
6 14 6	2080 2081 2083 2084 2092 2273 2274 2275 2276 2278 2279 2280 2281 2282 2283 2284 2285 2286 2287 2296 2297 2299 
6 14 7	1857 2084 2212 2213 2214 2215 2216 2218 2219 2220 2221 2222 2223 2273 2275 2276 2277 2278 2279 2284 
6 14 8	1857 1860 1861 1862 1863 1868 2208 2209 2210 2211 2212 2218 2220 2222 2223 2229 2230 2231 
6 14 9	1861 1862 1863 1872 1873 1874 1875 1904 1905 1906 1907 1916 2200 2201 2203 2208 2229 2231 
6 14 10	1873 1874 1875 1905 1916 2200 
7 0 4	3144 3188 3194 3196 3198 3199 
7 0 5	3144 3170 3171 3177 3178 3179 3182 3188 3190 3191 3192 3193 3194 3195 3196 3197 3198 3199 
7 0 6	3169 3170 3171 3172 3174 3175 3176 3177 3178 3179 3180 3181 3182 3183 3284 3287 3366 
7 0 7	3172 3173 3174 3175 3200 3201 3203 3284 3285 3287 3365 3366 3367 3492 3493 3494 3495 3556 3557 3559 
7 0 8	3201 3489 3490 3491 3492 3494 3495 3496 3497 3498 3499 3500 3501 3502 3503 3556 3559 
7 0 9	3464 3490 3491 3497 3498 3499 3502 3508 3510 3511 3512 3513 3514 3515 3516 3517 3518 3519 
7 0 10	3464 3508 3514 3516 3518 3519 
7 1 2	4924 4926 4927 
7 1 3	3140 3141 3143 3152 3184 4869 4880 4881 4882 4883 4892 4894 4895 4912 4913 4914 4915 4924 4926 4927 
7 1 4	3140 3141 3142 3143 3144 3149 3152 3154 3155 3184 3185 3186 3187 3188 3194 3196 3198 3199 4869 
7 1 5	3144 3188 3194 3196 3198 3199 
7 1 9	3464 3508 3514 3516 3518 3519 
7 1 10	1029 3460 3461 3462 3463 3464 3469 3472 3474 3475 3504 3505 3506 3507 3508 3514 3516 3518 3519 
7 1 11	1029 1040 1041 1042 1043 1052 1054 1055 1072 1073 1074 1075 1084 1086 1087 3460 3461 3463 3472 3504 
7 1 12	1084 1086 1087 
7 2 1	4897 4908 
7 2 2	4889 4890 4891 4896 4897 4898 4899 4908 4910 4911 4916 4917 4918 4919 4924 4925 4926 4927 5065 5097 5113 
7 2 3	4882 4890 4891 4894 4895 4913 4916 4924 4926 4927 
7 2 11	1042 1050 1051 1054 1055 1073 1076 1084 1086 1087 
7 2 12	1049 1050 1051 1056 1057 1058 1059 1068 1070 1071 1076 1077 1078 1079 1084 1085 1086 1087 1225 1257 1273 
7 2 13	1057 1068 
7 3 1	4897 4900 4908 5088 5089 5090 5091 5092 5094 5095 5096 5098 5099 5100 5101 5102 5103 
7 3 2	4896 4897 4899 4900 4908 4911 5096 5097 5098 5099 5113 
7 3 12	1056 1057 1059 1060 1068 1071 1256 1257 1258 1259 1273 
7 3 13	1057 1060 1068 1248 1249 1250 1251 1252 1254 1255 1256 1258 1259 1260 1261 1262 1263 
7 4 0	5025 5026 5027 5034 5036 5038 5039 5048 
7 4 1	5025 5028 5030 5031 5032 5033 5034 5035 5036 5037 5038 5039 5048 5088 5089 5091 5092 5095 5100 
7 4 13	1185 1188 1190 1191 1192 1193 1194 1195 1196 1197 1198 1199 1208 1248 1249 1251 1252 1255 1260 
7 4 14	1185 1186 1187 1194 1196 1198 1199 1208 
7 5 0	4176 5017 5018 5019 5024 5025 5026 5027 5034 5038 5041 5044 5045 5046 5047 5048 5052 5053 5055 
7 5 1	5025 5034 5038 5048 
7 5 13	1185 1194 1198 1208 
7 5 14	912 1177 1178 1179 1184 1185 1186 1187 1194 1198 1201 1204 1205 1206 1207 1208 1212 1213 1215 
7 6 0	4176 4177 4179 4180 4188 5010 5012 5014 5015 5016 5017 5018 5019 5020 5021 5022 5023 5041 5044 5052 
7 6 14	912 913 915 916 924 1170 1172 1174 1175 1176 1177 1178 1179 1180 1181 1182 1183 1201 1204 1212 
7 7 0	3840 3841 3842 3843 3852 4180 4181 4182 4183 4188 4352 4353 4354 4355 4364 4608 4609 4610 4611 5012 5013 5014 5015 5020 
7 7 14	0 1 2 3 404 405 406 407 413 660 661 662 663 669 916 917 918 919 924 1172 1173 1174 1175 1180 
7 8 0	3841 3844 3845 3847 3852 4353 4354 4355 4358 4360 4361 4362 4363 4364 4365 4366 4367 4402 4410 4414 
7 8 14	400 401 402 403 404 406 407 410 412 413 414 415 433 436 444 662 664 665 667 669 
7 9 0	3845 4360 4361 4363 4386 4392 4393 4394 4395 4398 4402 4406 4408 4409 4410 4411 4413 4414 4415 
7 9 1	4386 4392 4398 4406 
7 9 13	388 392 397 442 
7 9 14	388 389 390 391 392 397 400 402 403 432 433 434 435 436 442 444 446 447 665 
7 10 0	4386 4392 4394 4395 4397 4398 4399 4406 
7 10 1	4384 4385 4386 4387 4388 4390 4391 4392 4396 4397 4398 4399 4406 4582 4583 4584 4585 4587 4589 
7 10 13	385 386 387 388 392 393 394 395 396 397 398 399 442 470 471 472 473 475 477 
7 10 14	388 390 391 392 396 397 399 442 
7 11 1	4518 4520 4525 4577 4578 4579 4580 4582 4583 4584 4585 4586 4587 4588 4589 4590 4591 
7 11 2	4518 4520 4521 4523 4525 4527 4576 4577 4578 4579 4597 
7 11 12	358 360 361 363 365 367 464 465 466 467 496 
7 11 13	358 360 365 465 466 467 468 470 471 472 473 474 475 476 477 478 479 
7 12 1	4520 4525 
7 12 2	4488 4489 4491 4520 4521 4522 4523 4525 4526 4527 4536 4537 4538 4539 4540 4541 4542 4543 4569 4576 4597 
7 12 3	4486 4488 4491 4493 4495 4530 4538 4540 4542 4543 
7 12 11	326 328 331 333 335 370 378 380 382 383 
7 12 12	328 329 331 360 361 362 363 365 366 367 376 377 378 379 380 381 382 383 453 464 496 
7 12 13	360 365 
7 13 2	4540 4542 4543 
7 13 3	2053 2064 2065 2067 2096 4484 4485 4486 4487 4492 4493 4495 4496 4528 4529 4530 4531 4540 4542 4543 
7 13 4	2053 2054 2055 2064 2065 2066 2067 2074 2078 2096 2097 2098 2099 2100 2106 2108 2110 2111 4496 
7 13 5	2074 2100 2106 2108 2110 2111 
7 13 9	1898 1905 1912 1916 1917 1919 
7 13 10	336 1881 1882 1883 1888 1889 1890 1891 1898 1902 1905 1908 1909 1910 1911 1912 1916 1917 1919 
7 13 11	324 325 326 327 332 333 335 336 368 369 370 371 380 382 383 1881 1888 1889 1891 1909 
7 13 12	380 382 383 
7 14 4	2074 2100 2106 2108 2110 2111 
7 14 5	2074 2080 2082 2083 2090 2091 2094 2100 2101 2102 2103 2104 2106 2107 2108 2109 2110 2111 
7 14 6	1812 2080 2081 2082 2083 2084 2086 2087 2088 2090 2091 2092 2093 2094 2095 2278 2279 
7 14 7	1812 1813 1815 1856 1857 1858 1859 1984 1985 1987 2084 2085 2086 2087 2212 2213 2215 2277 2278 2279 
7 14 8	1857 1858 1859 1860 1862 1863 1864 1865 1866 1867 1868 1869 1870 1871 1985 1987 2212 
7 14 9	1862 1863 1864 1865 1867 1869 1898 1905 1906 1907 1912 1913 1914 1915 1916 1917 1918 1919 
7 14 10	1898 1905 1912 1916 1917 1919 
8 0 4	3160 3162 3163 3188 3196 3338 
8 0 5	3160 3161 3162 3163 3168 3170 3171 3188 3189 3190 3191 3196 3337 3338 3339 3369 3385 3387 
8 0 6	3168 3169 3170 3171 3172 3180 3362 3366 3368 3369 3370 3371 3373 3374 3375 3384 3385 3387 
8 0 7	3172 3361 3362 3363 3364 3365 3366 3367 3372 3373 3374 3375 3494 3556 3557 3558 3559 3560 3563 3565 
8 0 8	3494 3496 3497 3499 3501 3552 3553 3554 3555 3556 3558 3559 3560 3562 3563 3564 3565 3566 3567 3573 3574 3575 
8 0 9	3464 3465 3467 3497 3499 3513 3514 3515 3545 3547 3552 3573 3575 
8 0 10	3464 3467 3514 
8 1 2	4922 4926 4927 
8 1 3	3152 4865 4866 4867 4868 4869 4870 4871 4872 4874 4875 4876 4877 4878 4879 4912 4914 4915 4922 4926 4927 
8 1 4	3152 3153 3154 3155 3156 3158 3159 3160 3162 3163 3164 3165 3166 3167 3185 3188 3196 3338 4865 4866 4867 4868 4869 4871 4876 
8 1 5	3160 3162 3163 3188 3196 3338 3339 
8 1 9	3464 3465 3466 3467 3514 3544 3545 3547 3549 
8 1 10	3456 3457 3458 3459 3460 3462 3463 3464 3466 3467 3468 3469 3470 3471 3514 3542 3544 3549 
8 1 11	1041 1044 1045 1046 1047 1052 1053 1054 1055 3456 3457 3459 3460 3463 3468 
8 2 1	4908 
8 2 2	4113 4873 4898 4904 4905 4906 4907 4908 4909 4910 4911 4918 4920 4921 4922 4923 4925 4926 4927 
8 2 3	4872 4873 4874 4875 4921 4922 4923 4926 4927 
8 2 11	1045 1046 1047 1048 1050 1051 1053 1054 1055 1218 1226 1230 1231 
8 2 12	1048 1049 1050 1051 1222 1224 1225 1226 1227 1229 1230 1231 1257 1266 1273 1274 1275 1278 
8 3 1	4116 4117 4119 4160 4288 4900 4901 4902 4903 4908 5029 5092 5093 5094 5095 
8 3 2	4113 4116 4119 4124 4900 4902 4903 4904 4908 4909 4911 
8 3 12	1222 1257 1258 1259 1266 1272 1273 1274 1275 1276 1277 1278 1279 
8 3 13	1242 1248 1250 1251 1258 1259 1262 1268 1269 1270 1271 1272 1276 1277 1279 
8 4 0	4164 4172 4175 5025 5027 5036 
8 4 1	4160 4161 4162 4163 4164 4172 4174 4175 4288 5025 5028 5029 5030 5031 5036 5092 5093 5095 
8 4 13	1160 1161 1163 1193 1194 1195 1208 1209 1210 1211 1241 1242 1243 1248 1251 1268 1269 1271 
8 4 14	1160 1194 1208 1210 1211 
8 5 0	4164 4165 4166 4167 4172 4173 4175 4176 4208 4210 4211 4222 5017 5024 5025 5027 5045 
8 5 1	4164 4172 4173 4174 4175 5025 
8 5 13	1160 1163 1165 1194 1208 1210 1211 
8 5 14	1157 1158 1159 1160 1165 1194 1200 1201 1202 1203 1208 1210 1211 1212 1213 1214 1215 
8 6 0	4176 4177 4178 4179 4180 4186 4188 4190 4191 4208 4209 4210 4211 4212 4215 4220 4222 4223 5017 
8 6 14	4 5 6 7 16 48 50 51 1157 1159 1168 1169 1170 1171 1172 1180 1182 1183 1200 1201 1203 1212 
8 7 0	3841 3842 3843 3848 3849 3850 3851 3852 3853 3854 3855 3897 3898 3899 4180 4182 4183 4184 4185 4186 4187 4188 4189 4190 4191 4212 4213 4215 
8 7 14	1 2 3 4 6 7 8 10 11 12 13 14 15 50 51 58 59 62 406 408 413 1169 1172 1180 
8 8 0	3841 3844 3845 3846 3847 3848 3852 3853 3855 3888 3889 3890 3891 3898 3899 3900 3902 3903 4361 
8 8 14	8 9 10 11 41 57 58 59 406 408 409 410 411 413 414 415 416 419 436 437 439 444 
8 9 0	3845 3856 3857 3858 3859 3868 3870 3871 3888 3889 3891 3900 4361 4392 4393 4395 4409 
8 9 1	3857 3868 3869 3870 3871 4392 
8 9 13	392 426 427 430 440 442 443 
8 9 14	392 416 418 419 426 430 436 437 438 439 440 442 443 444 445 446 447 
8 10 0	3857 3868 3871 4392 4395 4397 
8 10 1	3857 3860 3861 3862 3863 3868 3869 3871 4032 4388 4389 4390 4391 4392 4397 4581 4582 4583 
8 10 13	392 393 395 425 426 427 440 441 442 443 473 475 480 482 483 501 502 503 
8 10 14	392 426 440 442 443 
8 11 1	3861 3904 3905 3907 4032 4389 4516 4517 4518 4519 4525 4580 4581 4582 4583 
8 11 2	3905 3907 3908 3916 4513 4516 4518 4519 4524 4525 4527 
8 11 12	456 464 466 467 496 497 498 499 506 508 509 510 511 
8 11 13	466 467 473 474 475 478 482 497 500 501 502 503 508 509 511 
8 12 1	4525 
8 12 2	3908 4505 4512 4513 4514 4515 4522 4524 4525 4526 4527 4532 4533 4534 4535 4536 4540 4541 4543 
8 12 3	4504 4505 4506 4507 4532 4533 4535 4540 4543 
8 12 11	320 322 323 328 330 331 333 334 335 449 452 460 463 
8 12 12	328 329 330 331 452 453 454 455 456 460 461 463 464 496 498 499 506 510 
8 13 2	4532 4540 4543 
8 13 3	2053 4496 4497 4498 4499 4500 4502 4503 4504 4506 4507 4508 4509 4510 4511 4528 4529 4531 4532 4540 4543 
8 13 4	1796 2049 2050 2051 2052 2053 2054 2055 2056 2058 2059 2060 2061 2062 2063 2098 2106 2110 4496 4497 4499 4500 4502 4503 4508 
8 13 5	1796 1799 2056 2058 2059 2106 2110 
8 13 9	1896 1897 1898 1899 1912 2000 2001 2003 2012 
8 13 10	1889 1890 1891 1892 1893 1894 1895 1896 1898 1899 1900 1901 1902 1903 1912 2001 2004 2012 
8 13 11	320 321 322 323 324 332 333 334 335 1889 1891 1892 1893 1895 1900 
8 14 4	1796 2056 2058 2059 2106 2110 
8 14 5	1796 1797 1799 1808 1840 1843 2056 2057 2058 2059 2089 2090 2091 2104 2105 2106 2107 2110 
8 14 6	1808 1809 1810 1811 1812 1818 1820 1822 1823 1840 1841 1843 2086 2088 2089 2090 2091 2093 
8 14 7	1812 1813 1814 1815 1816 1818 1819 1820 1821 1822 1823 1858 1984 1985 1986 1987 1994 1995 1998 2086 
8 14 8	1858 1865 1866 1867 1870 1985 1986 1987 1988 1989 1990 1991 1992 1994 1995 1996 1997 1998 1999 2032 2034 2035 
8 14 9	1865 1867 1897 1898 1899 1912 1913 1915 1989 2000 2003 2032 2035 
8 14 10	1898 1899 1912 
9 0 4	3160 3338 
9 0 5	3160 3336 3337 3338 3339 3385 3386 3387 3390 
9 0 6	3354 3362 3370 3374 3380 3382 3383 3384 3385 3386 3387 3388 3389 3390 3391 
9 0 7	3353 3354 3355 3360 3361 3362 3363 3374 3380 3381 3382 3383 3529 3531 3560 3561 3563 3577 
9 0 8	3528 3529 3531 3554 3560 3561 3562 3563 3566 3572 3573 3574 3575 3576 3577 3578 3579 3580 3581 3582 3583 
9 0 9	3545 3546 3547 3572 3573 3575 3580 
9 1 3	4097 4098 4099 4100 4108 4110 4111 4865 4866 4867 4874 4875 4878 
9 1 4	3156 3157 3158 3159 3160 3165 3328 3329 3330 3331 3332 3338 3340 3342 3343 3584 3585 3586 3587 3594 3598 4096 4097 4098 4099 4110 4864 4865 4866 4867 
9 1 5	3160 3332 3334 3335 3336 3338 3339 3340 3341 3342 3343 3378 3379 3386 3390 3594 
9 1 6	3354 3377 3378 3379 3380 3386 3388 3390 3391 
9 1 7	3353 3354 3355 3380 3529 3531 
9 1 8	3528 3529 3531 3569 3570 3571 3572 3578 3580 3582 3583 
9 1 9	3432 3537 3538 3539 3544 3545 3546 3547 3548 3549 3550 3551 3569 3571 3572 3580 
9 1 10	3428 3429 3430 3431 3432 3437 3456 3458 3459 3537 3540 3541 3542 3543 3544 3548 3549 3551 
9 1 11	1045 1046 1047 1088 1216 3428 3429 3431 3456 3459 3541 
9 2 2	4101 4112 4113 4114 4115 4144 4145 4146 4147 4156 4158 4159 4873 4904 4905 4907 4921 
9 2 3	4100 4101 4102 4103 4108 4109 4110 4111 4144 4146 4147 4158 4159 4873 4874 4875 4921 
9 2 4	4110 
9 2 10	3428 3429 3431 
9 2 11	1045 1046 1047 1088 1089 1090 1091 1098 1099 1102 1216 1217 1218 1219 1220 1228 1230 1231 3428 3429 3431 
9 2 12	1097 1098 1099 1220 1221 1222 1223 1228 1229 1230 1231 1266 1278 
9 3 1	4116 4117 4118 4119 4120 4125 4160 4288 4290 4291 4298 4302 
9 3 2	4113 4114 4115 4116 4118 4119 4120 4122 4123 4124 4125 4126 4127 4145 4148 4156 4159 4298 4904 
9 3 3	4159 
9 3 11	1099 
9 3 12	1097 1099 1129 1145 1221 1222 1223 1232 1233 1234 1235 1264 1265 1266 1267 1276 1278 1279 
9 3 13	1233 1234 1235 1242 1246 1265 1268 1276 1279 
9 4 0	4175 
9 4 1	4160 4162 4163 4170 4174 4175 4288 4289 4290 4291 4292 4294 4295 4298 4300 4301 4302 4303 
9 4 2	4298 
9 4 12	1233 1234 1235 
9 4 13	1154 1160 1161 1162 1163 1166 1233 1234 1235 1236 1238 1239 1240 1241 1242 1243 1244 1245 1246 1247 1268 
9 4 14	1160 
9 5 0	4166 4168 4173 4175 4210 4218 4219 4222 
9 5 1	4168 4169 4170 4171 4173 4174 4175 4201 4217 4218 4219 4292 4293 4294 4295 
9 5 13	17 20 28 1153 1154 1155 1156 1160 1162 1163 1164 1165 1166 1167 1238 1239 
9 5 14	17 28 1156 1157 1158 1159 1160 1164 1165 1167 
9 6 0	4194 4202 4206 4207 4210 4212 4214 4215 4216 4218 4219 4220 4221 4222 4223 
9 6 1	4201 4202 4203 4206 4207 4216 4217 4218 4219 
9 6 13	17 20 26 28 30 31 52 1156 
9 6 14	16 17 18 19 26 28 30 31 48 49 50 51 52 60 1156 1157 1159 
9 7 0	3849 3880 3881 3882 3883 3885 3886 3887 3896 3897 3898 3899 4185 4192 4193 4194 4195 4204 4206 4207 4212 4213 4214 4215 
9 7 1	3880 3885 3886 3887 4193 4204 4206 4207 
9 7 13	26 34 52 54 55 
9 7 14	26 34 49 50 51 52 54 55 56 58 59 60 61 62 63 
9 8 0	3874 3882 3886 3887 3889 3892 3894 3895 3896 3898 3899 3900 3901 3902 3903 
9 8 1	3872 3874 3875 3886 3887 3892 3893 3894 3895 
9 8 13	34 38 40 45 46 47 54 417 
9 8 14	34 40 41 42 43 45 46 47 54 56 57 58 59 61 416 417 419 
9 9 0	3858 3866 3870 3871 3889 3892 3895 3900 
9 9 1	3864 3865 3866 3867 3869 3870 3871 3872 3892 3893 3895 4040 4041 4042 4043 
9 9 13	38 40 45 417 420 422 423 424 426 427 428 429 430 431 484 487 
9 9 14	40 45 416 417 418 419 426 428 430 431 
9 10 0	3871 
9 10 1	3861 3862 3863 3864 3869 3871 4032 4033 4034 4035 4036 4040 4042 4043 4044 4045 4046 4047 
9 10 2	4036 
9 10 12	488 490 491 
9 10 13	422 424 425 426 427 429 480 481 482 483 484 486 487 488 490 491 492 493 494 495 502 
9 10 14	426 
9 11 1	3861 3904 3905 3906 3907 3914 3918 4032 4033 4035 4036 4044 
9 11 2	3905 3906 3907 3908 3910 3911 3912 3914 3915 3916 3917 3918 3919 3954 3962 3966 3967 4036 4513 
9 11 3	3967 
9 11 11	283 
9 11 12	281 283 288 309 456 457 459 488 489 490 491 504 505 506 507 509 510 511 
9 11 13	482 488 490 491 494 502 504 509 511 
9 12 2	3908 3909 3910 3911 3920 3952 3953 3954 3955 3964 3966 3967 4505 4512 4513 4515 4533 
9 12 3	3920 3921 3922 3923 3932 3933 3934 3935 3952 3953 3955 3964 3967 4504 4505 4507 4533 
9 12 4	3933 
9 12 10	1920 1921 1923 
9 12 11	276 277 278 279 280 283 285 320 322 323 448 449 450 451 458 460 462 463 1920 1921 1923 
9 12 12	280 281 283 456 457 458 459 460 461 462 463 506 510 
9 13 3	3921 3924 3926 3927 3932 3933 3935 4500 4502 4503 4504 4507 4509 
9 13 4	1620 1621 1622 1623 1624 1629 1792 1793 1794 1795 1796 1802 1804 1806 1807 2048 2049 2050 2051 2058 2062 3924 3925 3926 3927 3933 4500 4501 4502 4503 
9 13 5	1624 1796 1798 1799 1800 1802 1803 1804 1805 1806 1807 1842 1850 1851 1854 2058 
9 13 6	1826 1842 1846 1848 1850 1851 1853 1854 1855 
9 13 7	1824 1826 1827 1846 2025 2027 
9 13 8	2025 2026 2027 2033 2036 2038 2039 2040 2044 2045 2047 
9 13 9	1930 2000 2001 2002 2003 2008 2010 2011 2012 2013 2014 2015 2033 2036 2039 2044 
9 13 10	1893 1894 1895 1920 1921 1922 1923 1930 1934 2001 2004 2005 2006 2007 2008 2012 2013 2015 
9 13 11	277 320 322 323 448 1893 1895 1920 1921 1923 2005 
9 14 4	1796 2058 
9 14 5	1796 1797 1798 1799 1840 1842 1843 1854 2058 
9 14 6	1810 1818 1822 1826 1840 1841 1842 1843 1844 1846 1847 1852 1853 1854 1855 
9 14 7	1816 1817 1818 1819 1822 1824 1826 1827 1844 1845 1846 1847 1993 1994 1995 2025 2027 2041 
9 14 8	1990 1992 1993 1994 1995 1997 2025 2026 2027 2032 2033 2034 2035 2040 2041 2042 2043 2044 2045 2046 2047 
9 14 9	2000 2002 2003 2032 2033 2035 2044 
10 0 6	3354 3380 3388 
10 0 7	3353 3354 3355 3380 3529 3531 
10 0 8	3528 3529 3531 3578 3582 
10 1 3	4098 4106 4110 4111 
10 1 4	3332 3585 3586 3587 3588 3590 3591 3592 3594 3595 3596 3597 3598 3599 3634 3642 3646 4098 4106 4110 
10 1 5	3332 3333 3334 3335 3344 3376 3378 3379 3592 3593 3594 3595 3625 3627 3641 3642 3643 3646 
10 1 6	3344 3345 3346 3347 3348 3354 3356 3358 3359 3376 3377 3378 3379 3380 3388 3624 3625 3627 
10 1 7	3348 3350 3351 3352 3353 3354 3355 3356 3357 3358 3359 3380 3521 3522 3523 3529 3530 3531 3534 
10 1 8	3401 3402 3403 3521 3522 3523 3524 3525 3526 3527 3528 3529 3530 3531 3532 3533 3534 3535 3568 3569 3570 3571 3578 3582 
10 1 9	3401 3403 3432 3433 3434 3435 3448 3449 3451 3525 3536 3537 3538 3539 3568 3569 3571 
10 1 10	3428 3430 3431 3432 3434 3435 3436 3437 3438 3439 3448 3537 
10 1 11	3428 3431 3436 
10 2 2	4146 4156 4157 4158 4159 
10 2 3	3589 3600 3632 4102 4104 4105 4106 4107 4109 4110 4111 4137 4138 4139 4146 4152 4153 4154 4155 4157 4158 4159 
10 2 4	3588 3589 3590 3591 3600 3632 3634 3635 3646 4105 4106 4107 4110 
10 2 5	3646 
10 2 9	3434 3448 3451 3453 
10 2 10	3424 3425 3426 3427 3428 3431 3434 3436 3438 3439 3446 3448 3453 
10 2 11	1089 1090 1091 1092 1093 1094 1095 1096 1098 1099 1100 1101 1102 1103 1136 1138 1139 1146 1150 3424 3425 3427 3428 3431 3436 
10 2 12	1096 1097 1098 1099 1146 1150 
10 3 1	4120 4298 4299 4302 
10 3 2	4120 4121 4122 4123 4128 4130 4131 4148 4149 4150 4151 4156 4157 4159 4297 4298 4299 4329 4345 
10 3 3	4130 4131 4138 4139 4142 4150 4152 4157 4159 
10 3 11	1096 1099 1136 1138 1139 1146 1150 1151 
10 3 12	1096 1097 1099 1122 1128 1129 1130 1131 1134 1142 1144 1145 1146 1147 1149 1150 1151 1232 1233 1235 
10 3 13	1128 1233 1235 
10 4 1	4294 4295 4296 4298 4299 4301 4302 4303 4338 4346 4350 4351 
10 4 2	4296 4297 4298 4299 4329 4344 4345 4346 4347 4349 4350 4351 
10 4 12	65 1122 1124 1126 1127 1128 1130 1131 1132 1133 1134 1135 1142 1233 1235 
10 4 13	65 1124 1125 1126 1127 1128 1133 1154 1233 1235 1236 1237 1238 1239 1244 
10 5 1	4169 4201 4217 4293 4294 4295 4304 4306 4307 4318 4336 4337 4338 4339 4348 4350 4351 
10 5 2	4348 4349 4350 4351 
10 5 12	65 66 67 1124 1127 
10 5 13	20 21 22 23 28 64 65 66 67 192 193 194 195 1124 1125 1127 1152 1153 1154 1155 1237 1238 1239 
10 5 14	28 
10 6 0	4202 4206 4207 
10 6 1	4198 4200 4201 4202 4203 4205 4206 4207 4217 4304 4305 4306 4307 4308 4311 4316 4318 4319 
10 6 13	20 22 23 24 25 26 27 28 29 30 31 52 193 194 195 201 202 203 206 
10 6 14	26 28 30 31 52 
10 7 0	3880 3885 3886 3887 4193 4204 4206 4207 
10 7 1	3876 3877 3878 3879 3880 3884 3885 3886 3887 4069 4070 4071 4193 4196 4197 4198 4199 4204 4205 4206 4207 4308 4309 4311 
10 7 13	25 26 27 32 34 35 52 53 54 55 201 203 233 235 249 
10 7 14	26 34 52 54 55 
10 8 0	3874 3886 3887 
10 8 1	3872 3873 3874 3875 3876 3884 3886 3887 3893 4070 4071 4072 4073 4074 4075 4077 4078 4079 
10 8 13	32 33 34 35 36 38 39 44 45 46 47 54 228 230 231 232 233 235 237 
10 8 14	34 45 46 47 54 
10 9 1	3865 3872 3893 4040 4041 4043 4073 4074 4075 4078 4088 4089 4090 4091 4093 4094 4095 
10 9 2	4092 4093 4094 4095 
10 9 12	164 166 167 294 295 
10 9 13	36 37 38 39 45 164 165 166 167 228 229 230 231 293 294 295 420 421 422 423 484 485 487 
10 9 14	45 
10 10 1	4036 4038 4039 4040 4043 4044 4045 4047 4082 4090 4094 4095 
10 10 2	4036 4037 4038 4039 4048 4080 4081 4082 4083 4092 4094 4095 
10 10 12	164 289 290 291 292 294 295 298 300 301 302 303 312 488 491 
10 10 13	164 289 292 293 294 295 300 422 484 485 486 487 488 491 493 
10 11 1	3914 4036 4039 4044 
10 11 2	3912 3913 3914 3915 3945 3946 3947 3960 3961 3962 3963 3965 3966 3967 4036 4037 4039 4048 4080 
10 11 3	3938 3939 3946 3947 3950 3958 3960 3965 3967 
10 11 11	282 283 304 305 307 308 316 319 
10 11 12	281 282 283 288 289 290 291 298 302 308 309 310 311 312 316 317 319 488 489 491 
10 11 13	289 488 491 
10 12 2	3953 3964 3965 3966 3967 
10 12 3	1605 1616 1648 3922 3928 3929 3930 3931 3933 3934 3935 3936 3938 3939 3953 3956 3957 3958 3959 3964 3965 3967 
10 12 4	1605 1616 1617 1618 1619 1648 1649 1651 1660 3928 3929 3931 3933 
10 12 5	1660 
10 12 9	1928 1978 1979 1982 
10 12 10	1921 1923 1924 1925 1926 1927 1928 1932 1933 1935 1970 1978 1982 
10 12 11	272 273 274 275 276 278 279 280 282 283 284 285 286 287 304 305 307 308 316 1921 1923 1924 1925 1927 1932 
10 12 12	280 281 282 283 308 316 
10 13 3	3926 3928 3933 3935 
10 13 4	1617 1618 1619 1620 1622 1623 1624 1626 1627 1628 1629 1630 1631 1649 1652 1660 1802 3926 3928 3933 
10 13 5	1624 1625 1626 1627 1632 1635 1652 1653 1655 1660 1800 1801 1802 1803 1833 1849 1850 1851 
10 13 6	1632 1633 1635 1826 1830 1832 1833 1834 1835 1837 1838 1839 1846 1848 1849 1850 1851 1853 
10 13 7	1824 1825 1826 1827 1828 1830 1831 1836 1837 1838 1839 1846 2020 2022 2023 2024 2025 2027 2029 
10 13 8	1960 1961 1963 2016 2017 2018 2019 2020 2022 2023 2024 2025 2026 2027 2028 2029 2030 2031 2036 2037 2038 2039 2040 2045 
10 13 9	1928 1929 1930 1931 1961 1963 1977 1978 1979 2008 2009 2010 2011 2016 2036 2037 2039 
10 13 10	1921 1922 1923 1928 1930 1931 1932 1933 1934 1935 1978 2008 
10 13 11	1921 1923 1932 
10 14 6	1826 1846 1853 
10 14 7	1824 1826 1827 1846 2025 2027 
10 14 8	2025 2026 2027 2040 2045 
11 1 4	3634 3642 3646 3647 
11 1 5	3625 3626 3627 3630 3640 3641 3642 3643 3645 3646 3647 
11 1 6	3345 3348 3356 3620 3622 3623 3624 3625 3626 3627 3628 3629 3630 3631 
11 1 7	3348 3349 3350 3351 3356 3392 3393 3394 3395 3520 3521 3522 3523 3620 3621 3622 3623 3749 3813 
11 1 8	3393 3394 3395 3400 3401 3402 3403 3404 3405 3406 3407 3521 3522 3523 3524 3532 
11 1 9	3400 3401 3403 3405 3448 3449 3450 3451 
11 1 10	3448 
11 2 3	3600 3601 3603 3612 3632 4136 4137 4138 4139 
11 2 4	3600 3601 3602 3603 3608 3610 3611 3612 3613 3614 3615 3632 3633 3634 3635 3636 3644 3646 3647 
11 2 5	3608 3609 3610 3611 3616 3618 3619 3626 3630 3636 3637 3638 3639 3640 3644 3645 3646 3647 
11 2 6	3616 3617 3618 3619 3620 3623 3626 3628 3630 3631 3814 3815 3816 3821 
11 2 7	3392 3393 3395 3620 3621 3623 3748 3749 3751 3813 3814 3815 
11 2 8	3393 3395 3396 3397 3398 3399 3400 3404 3405 3407 3748 
11 2 9	3397 3398 3399 3400 3405 3410 3440 3441 3442 3443 3448 3450 3451 3452 3453 3454 3455 
11 2 10	1104 3410 3416 3417 3418 3419 3421 3422 3423 3424 3426 3427 3441 3444 3445 3446 3447 3448 3452 3453 3455 
11 2 11	1093 1104 1136 1138 1139 1150 3417 3424 3427 3445 
11 2 12	1150 
11 3 2	4128 4129 4130 4131 4328 4329 4331 4333 4345 
11 3 3	3601 3604 3605 3607 3612 4129 4130 4131 4132 4133 4134 4135 4136 4138 4139 4140 4141 4142 4143 4325 4326 4327 4328 4333 
11 3 4	3601 3604 3605 3607 3608 3611 3612 3613 3615 
11 3 5	3608 3609 3611 
11 3 10	1104 1105 1107 1108 1116 3414 3416 3417 3419 3421 3423 
11 3 11	1104 1105 1106 1107 1108 1112 1113 1114 1115 1116 1117 1118 1119 1136 1137 1138 1139 1140 1141 1143 1148 1150 1151 3417 
11 3 12	1113 1122 1134 1140 1141 1142 1143 1148 1149 1150 1151 
11 4 1	4351 
11 4 2	4321 4322 4323 4328 4329 4330 4331 4332 4333 4334 4335 4342 4344 4345 4347 4349 4351 
11 4 3	4321 4324 4325 4326 4327 4328 4332 4333 4335 
11 4 11	80 112 115 1112 1113 1115 1117 1141 1143 
11 4 12	65 68 69 70 71 76 80 112 114 115 1113 1120 1121 1122 1123 1124 1132 1134 1135 1141 1142 1143 
11 4 13	65 1124 
11 5 1	4306 4314 4315 4318 4337 4340 4348 4351 
11 5 2	4233 4265 4281 4313 4314 4315 4320 4321 4322 4323 4340 4341 4342 4343 4348 4349 4351 
11 5 3	4321 
11 5 11	115 
11 5 12	65 66 67 68 70 71 72 73 74 75 76 77 78 79 114 115 196 1124 
11 5 13	65 66 67 74 78 193 194 195 196 204 1124 
11 6 1	4226 4234 4238 4306 4308 4310 4311 4312 4314 4315 4316 4317 4318 4319 
11 6 2	4226 4233 4234 4235 4238 4239 4281 4312 4313 4314 4315 
11 6 12	73 74 75 196 197 198 199 240 241 242 243 254 
11 6 13	74 193 194 195 196 198 199 200 201 202 203 204 205 206 207 242 250 254 
11 7 1	3877 4004 4005 4006 4007 4013 4068 4069 4070 4071 4197 4224 4225 4226 4227 4238 4308 4309 4310 4311 
11 7 2	4004 4006 4007 4012 4013 4015 4225 4226 4227 4236 4238 4239 
11 7 12	241 242 243 244 246 247 252 253 254 255 
11 7 13	200 201 203 233 234 235 242 246 248 249 250 251 253 254 255 
11 8 1	4006 4008 4013 4065 4066 4067 4068 4070 4071 4074 4076 4077 4078 4079 
11 8 2	4006 4008 4009 4011 4013 4015 4025 4064 4065 4066 4067 
11 8 12	168 169 171 224 225 226 227 244 245 246 247 253 
11 8 13	168 225 226 227 228 230 231 232 233 234 235 236 237 238 239 246 248 253 
11 9 1	4066 4067 4074 4078 4086 4088 4093 4095 
11 9 2	3977 4009 4025 4056 4057 4058 4059 4064 4066 4067 4084 4085 4086 4087 4092 4093 4095 
11 9 3	4056 
11 9 11	183 
11 9 12	161 162 163 164 166 167 168 169 170 171 172 173 174 175 182 183 225 294 
11 9 13	164 166 167 168 173 225 228 230 231 236 294 
11 10 1	4095 
11 10 2	4048 4049 4050 4051 4056 4058 4059 4060 4061 4062 4063 4080 4081 4083 4084 4092 4095 
11 10 3	4049 4052 4053 4054 4055 4056 4060 4061 4063 
11 10 11	153 181 183 265 266 267 270 313 315 
11 10 12	153 160 161 162 163 164 172 181 182 183 265 294 296 297 298 299 301 302 303 312 313 315 
11 10 13	164 294 
11 11 2	3944 3945 3946 3947 4048 4049 4051 4060 4080 
11 11 3	1600 1601 1603 1604 1612 3937 3938 3939 3940 3941 3942 3943 3944 3946 3947 3948 3949 3950 3951 4049 4052 4053 4055 4060 
11 11 4	1600 1601 1603 1604 1610 1611 1612 1614 1615 
11 11 5	1609 1610 1611 
11 11 10	257 260 261 263 268 1936 1937 1939 1940 1948 1951 
11 11 11	257 260 261 262 263 264 265 266 267 268 269 270 271 304 305 306 307 313 314 315 316 318 319 1936 
11 11 12	265 298 302 312 313 314 315 316 317 318 319 
11 12 3	1604 1605 1607 1612 1648 3936 3937 3938 3939 
11 12 4	1604 1605 1606 1607 1608 1610 1611 1612 1613 1614 1615 1648 1649 1650 1651 1658 1660 1662 1663 
11 12 5	1608 1609 1610 1611 1634 1641 1642 1643 1646 1654 1656 1657 1658 1659 1660 1661 1662 1663 
11 12 6	1634 1638 1639 1640 1641 1642 1643 1645 1646 1647 1745 1748 1751 1756 
11 12 7	1637 1638 1639 1664 1665 1667 1748 1749 1751 1956 1957 1959 
11 12 8	1665 1952 1953 1954 1955 1956 1959 1962 1964 1966 1967 
11 12 9	1946 1952 1954 1955 1962 1966 1972 1973 1974 1975 1976 1978 1979 1980 1981 1982 1983 
11 12 10	261 1925 1926 1927 1936 1937 1938 1939 1946 1948 1950 1951 1968 1969 1970 1971 1972 1978 1980 1982 1983 
11 12 11	261 272 304 305 307 316 1925 1927 1936 1968 
11 12 12	316 
11 13 4	1649 1652 1660 1663 
11 13 5	1632 1634 1635 1646 1652 1653 1654 1655 1660 1661 1663 
11 13 6	1632 1633 1634 1635 1636 1638 1639 1644 1645 1646 1647 1830 1832 1837 
11 13 7	1636 1637 1638 1639 1664 1749 1828 1829 1830 1831 1837 1956 1957 1958 1959 2020 2021 2022 2023 
11 13 8	1956 1958 1959 1960 1961 1962 1963 1964 1965 1966 1967 2017 2020 2022 2023 2028 
11 13 9	1961 1962 1963 1966 1976 1977 1978 1979 
11 13 10	1978 
12 1 7	3393 3749 3813 
12 1 8	3393 3404 
12 2 3	3612 
12 2 4	3608 3611 3612 3613 3615 
12 2 5	3608 3609 3611 3616 3619 3637 3785 3817 3833 3835 
12 2 6	3616 3617 3619 3808 3809 3810 3811 3812 3814 3815 3816 3817 3818 3819 3820 3821 3822 3823 3830 3832 3833 3835 3837 
12 2 7	3393 3748 3749 3750 3751 3752 3753 3754 3755 3756 3757 3758 3759 3768 3808 3809 3811 3812 3813 3814 3815 3820 
12 2 8	3393 3396 3397 3399 3404 3744 3745 3746 3747 3748 3754 3756 3758 3759 3765 3766 3767 3768 3773 
12 2 9	3397 3399 3408 3409 3410 3411 3440 3441 3443 3737 3744 3765 3767 
12 2 10	3409 3410 3411 3420 3421 3422 3423 3441 
12 3 3	3604 3605 3607 3612 3648 3776 4133 4261 4325 4327 
12 3 4	3604 3605 3606 3607 3608 3611 3612 3613 3615 3648 3776 3777 3778 3779 3780 3786 3788 3790 3791 
12 3 5	3608 3609 3611 3780 3782 3783 3784 3785 3786 3787 3788 3789 3790 3791 3826 3833 3834 3835 3838 
12 3 6	3808 3810 3811 3826 3829 3830 3831 3832 3833 3834 3835 3837 3838 3839 
12 3 7	3753 3754 3755 3768 3769 3771 3808 3811 3829 
12 3 8	3754 3761 3764 3765 3766 3767 3768 3771 3772 3773 3775 
12 3 9	3408 3409 3411 3730 3736 3737 3738 3739 3740 3741 3742 3743 3761 3764 3765 3767 3772 
12 3 10	84 85 87 1108 1109 1110 1111 1116 1280 1281 1283 3409 3411 3412 3413 3414 3415 3420 3421 3423 3732 3733 3734 3735 3736 3740 3741 3743 
12 3 11	84 87 1108 1110 1111 1112 1113 1115 1116 1117 1119 
12 3 12	1113 
12 4 2	4264 4321 4323 4332 
12 4 3	3648 3649 3651 3652 3660 3776 4257 4260 4261 4262 4263 4264 4268 4269 4271 4321 4324 4325 4327 4332 
12 4 4	3648 3649 3650 3651 3652 3658 3660 3662 3663 3776 3777 3779 3780 3788 
12 4 5	3658 3780 3783 3788 
12 4 9	3740 
12 4 10	84 85 86 87 88 89 91 93 1110 1280 1281 1282 1283 1290 1294 3732 3740 
12 4 11	80 81 82 83 84 86 87 88 89 90 91 92 93 94 95 112 113 115 116 124 1110 1112 1113 1115 1117 
12 4 12	70 80 112 113 114 115 124 1113 
12 5 2	4233 4264 4265 4266 4267 4280 4281 4283 4285 4320 4321 4323 
12 5 3	3652 4257 4258 4259 4264 4266 4267 4268 4269 4270 4271 4278 4279 4280 4285 4321 
12 5 4	3652 
12 5 10	89 91 
12 5 11	89 90 91 96 98 99 106 110 113 115 116 117 118 119 120 124 125 127 
12 5 12	70 72 73 75 77 106 113 114 115 120 121 122 123 124 125 126 127 
12 6 1	4234 4238 
12 6 2	4230 4232 4233 4234 4235 4237 4238 4239 4273 4274 4275 4280 4281 4282 4283 4284 4285 4286 4287 
12 6 3	4242 4273 4275 4276 4278 4279 4280 4284 4285 4287 
12 6 11	98 99 102 104 106 107 109 110 111 120 209 212 220 
12 6 12	73 75 104 105 106 107 120 121 123 197 208 209 210 211 220 240 241 243 
12 7 1	4004 4013 4225 4238 
12 7 2	3993 4000 4001 4002 4003 4004 4012 4013 4014 4015 4020 4021 4022 4023 4225 4228 4229 4230 4231 4236 4237 4238 4239 4240 4272 4273 4274 4275 
12 7 3	3993 3994 3995 4020 4021 4023 4240 4242 4243 4272 4273 4275 
12 7 11	102 130 209 212 214 215 216 220 221 223 
12 7 12	209 210 211 216 218 219 220 221 222 223 241 243 244 247 252 
12 8 1	4008 4013 
12 8 2	4002 4008 4009 4010 4011 4013 4014 4015 4020 4022 4023 4024 4025 4026 4027 4028 4029 4030 4031 
12 8 3	3994 4017 4018 4019 4020 4023 4026 4028 4030 4031 
12 8 11	130 134 135 136 138 139 141 142 143 186 214 216 221 
12 8 12	136 137 138 139 169 171 185 186 187 216 217 218 219 221 224 244 245 247 
12 9 2	3976 3977 3978 3979 4009 4025 4026 4027 4030 4056 4057 4059 
12 9 3	1553 3972 3974 3975 3976 3978 3979 3980 3981 3982 3983 4018 4019 4026 4030 4056 
12 9 4	1553 
12 9 10	144 147 
12 9 11	133 134 135 136 141 144 146 147 176 177 178 179 180 183 186 188 190 191 
12 9 12	136 162 169 170 171 174 180 182 183 184 185 186 187 188 189 190 191 
12 10 2	3978 4056 4059 4061 
12 10 3	1553 1556 1557 1559 1564 1728 3968 3969 3970 3971 3972 3978 3980 3982 3983 4053 4054 4055 4056 4061 
12 10 4	1553 1556 1557 1558 1559 1560 1564 1565 1567 1728 1730 1731 1738 1742 
12 10 5	1560 1738 1739 1742 
12 10 9	1693 
12 10 10	144 145 147 148 149 150 151 156 258 1428 1429 1430 1431 1432 1437 1686 1693 
12 10 11	144 145 146 147 148 150 151 152 153 154 155 156 157 158 159 177 180 181 183 188 258 265 266 267 270 
12 10 12	153 162 180 181 182 183 188 265 
12 11 3	1557 1600 1601 1603 1612 1728 3941 3968 4053 4055 
12 11 4	1557 1600 1601 1602 1603 1610 1611 1612 1614 1615 1728 1729 1730 1731 1732 1738 1740 1742 1743 
12 11 5	1609 1610 1611 1732 1733 1734 1735 1736 1738 1739 1740 1741 1742 1743 1776 1778 1779 1786 1790 
12 11 6	1753 1754 1755 1776 1777 1778 1779 1780 1781 1783 1786 1788 1790 1791 
12 11 7	1672 1673 1675 1721 1722 1723 1753 1755 1781 
12 11 8	1672 1712 1713 1714 1715 1716 1722 1723 1724 1726 1727 
12 11 9	1680 1681 1682 1683 1690 1692 1693 1694 1695 1712 1713 1715 1716 1724 1944 1945 1947 
12 11 10	149 150 151 256 257 258 259 268 1428 1429 1431 1681 1684 1685 1686 1687 1692 1693 1695 1940 1941 1942 1943 1944 1947 1948 1949 1951 
12 11 11	150 151 257 258 259 265 266 267 268 270 271 
12 11 12	265 
12 12 3	1612 
12 12 4	1610 1611 1612 1614 1615 
12 12 5	1609 1610 1611 1641 1643 1657 1733 1744 1776 1779 
12 12 6	1640 1641 1643 1744 1745 1746 1747 1748 1750 1751 1752 1753 1754 1755 1756 1757 1758 1759 1776 1777 1779 1780 1788 
12 12 7	1664 1665 1666 1667 1672 1673 1674 1675 1676 1677 1678 1679 1722 1748 1749 1750 1751 1752 1753 1755 1757 1956 
12 12 8	1665 1668 1669 1670 1671 1672 1676 1677 1679 1712 1714 1715 1722 1726 1952 1953 1955 1956 1964 
12 12 9	1669 1680 1712 1715 1944 1945 1946 1947 1952 1955 1972 1973 1975 
12 12 10	1944 1946 1947 1948 1949 1950 1951 1972 
12 13 7	1664 1749 1956 
12 13 8	1956 1964 
13 2 6	3808 3830 3837 
13 2 7	3753 3768 3808 
13 2 8	3768 3773 
13 3 4	3780 
13 3 5	3780 3781 3782 3783 3824 3826 3827 3838 
13 3 6	3794 3800 3801 3802 3803 3806 3808 3824 3825 3826 3827 3828 3829 3830 3831 3836 3837 3838 3839 
13 3 7	3720 3721 3722 3723 3725 3753 3768 3769 3770 3771 3800 3801 3803 3808 3829 
13 3 8	3718 3720 3725 3760 3761 3762 3763 3768 3770 3771 3772 3773 3774 3775 
13 3 9	3728 3729 3730 3731 3740 3742 3743 3760 3761 3763 3772 
13 3 10	1281 1283 3729 3732 3740 3743 
13 4 3	3652 3655 3660 4257 
13 4 4	3652 3654 3655 3656 3658 3659 3660 3661 3662 3663 3706 3780 
13 4 5	3656 3657 3658 3659 3689 3690 3691 3704 3705 3706 3707 3780 3781 3783 3792 3824 3827 
13 4 6	3686 3688 3689 3690 3691 3693 3792 3793 3794 3795 3796 3798 3799 3800 3802 3803 3804 3805 3806 3807 3824 3825 3827 
13 4 7	1300 3686 3712 3713 3714 3715 3720 3722 3723 3724 3725 3726 3727 3796 3797 3798 3799 3800 3803 3805 
13 4 8	1296 1297 1298 1299 1300 1308 3713 3716 3717 3718 3719 3720 3724 3725 3727 3760 3762 3763 
13 4 9	1284 1285 1286 1287 1296 1298 1299 1328 1329 1330 1331 1342 3717 3728 3729 3731 3740 3760 3763 
13 4 10	88 89 91 1281 1282 1283 1284 1286 1287 1288 1289 1290 1291 1292 1293 1294 1295 1330 1338 1342 3729 3732 3740 
13 4 11	88 89 91 1289 
13 5 3	3652 3653 3655 3664 3696 4249 4256 4257 4258 4259 4277 4278 4279 
13 5 4	3652 3653 3654 3655 3656 3661 3664 3666 3667 3696 3697 3698 3699 3700 3706 3708 3710 3711 4249 
13 5 5	3656 3682 3690 3691 3694 3700 3702 3703 3704 3706 3707 3708 3709 3710 3711 
13 5 6	3682 3686 3688 3690 3691 3693 3694 3695 3796 3799 
13 5 7	1300 3686 3712 3713 3715 3796 3797 3799 
13 5 8	1297 1298 1299 1300 1306 1308 1310 1311 3713 
13 5 9	1298 1299 1306 1310 1314 1329 1330 1331 1332 1333 1334 1335 1340 1341 1342 1343 
13 5 10	89 91 1288 1289 1291 1314 1320 1321 1322 1323 1326 1330 1334 1336 1337 1338 1339 1341 1342 1343 
13 5 11	89 91 96 97 98 99 110 117 1289 1320 1321 1323 1337 
13 6 2	4273 4284 
13 6 3	3664 4242 4246 4248 4249 4250 4251 4253 4254 4255 4273 4276 4277 4278 4279 4284 
13 6 4	3664 3665 3666 3667 3668 3670 3671 3672 3674 3675 3676 3677 3678 3679 3697 3700 3708 4246 4248 4249 4251 4253 
13 6 5	3672 3674 3675 3700 3703 3708 
13 6 9	1312 1313 1314 1315 1333 1334 1335 1512 1517 
13 6 10	1313 1314 1315 1316 1317 1318 1319 1320 1322 1323 1324 1325 1326 1327 1334 1510 1512 1517 
13 6 11	97 98 99 100 101 102 103 108 109 110 111 212 1317 1318 1319 1320 1323 1325 
13 7 2	3993 4020 4240 4273 
13 7 3	3988 3990 3991 3992 3993 3994 3995 3996 3997 3998 3999 4020 4240 4241 4242 4243 4244 4246 4247 4252 4253 4254 4255 4273 
13 7 4	1364 1365 1366 1367 1536 1537 1538 1539 1546 1550 3668 3669 3670 3671 3672 3677 3988 3989 3990 3991 3996 4244 4245 4246 4247 4253 
13 7 5	1546 3672 
13 7 9	1505 1512 1516 1517 1519 
13 7 10	1316 1317 1319 1445 1446 1447 1505 1508 1509 1510 1511 1512 1516 1517 1519 
13 7 11	101 102 103 128 130 131 212 213 214 215 1317 1319 1445 1447 1509 
13 8 2	4020 4028 
13 8 3	1541 3984 3985 3986 3987 3988 3994 3996 3998 3999 4016 4017 4018 4019 4020 4028 
13 8 4	1537 1538 1539 1540 1541 1542 1543 1544 1546 1547 1548 1549 1550 1551 1586 1594 1598 3984 3985 3987 3988 3996 
13 8 5	1544 1546 1547 1594 1595 1598 
13 8 9	1448 1449 1450 1451 1464 1465 1467 1505 1516 
13 8 10	1441 1442 1443 1444 1445 1446 1447 1448 1450 1451 1452 1453 1454 1455 1464 1505 1508 1516 
13 8 11	128 129 130 131 132 134 135 140 141 142 143 214 1441 1443 1444 1445 1447 1452 
13 9 3	1541 1552 1553 1555 1584 3972 3973 3974 3975 3984 4016 4018 4019 
13 9 4	1541 1542 1543 1552 1553 1554 1555 1562 1566 1584 1585 1586 1587 1588 1594 1596 1598 1599 3984 
13 9 5	1562 1570 1571 1578 1582 1588 1590 1591 1592 1594 1595 1596 1597 1598 1599 
13 9 6	1569 1570 1571 1572 1578 1580 1582 1583 1766 1767 
13 9 7	1409 1572 1700 1701 1703 1765 1766 1767 
13 9 8	1409 1412 1414 1415 1416 1420 1421 1423 1700 
13 9 9	1414 1415 1416 1421 1450 1457 1458 1459 1464 1465 1466 1467 1468 1469 1470 1471 
13 9 10	144 147 1433 1434 1435 1440 1441 1442 1443 1450 1454 1457 1460 1461 1462 1463 1464 1468 1469 1471 
13 9 11	132 133 134 135 141 144 147 176 1433 1440 1441 1443 1461 
13 10 3	1553 1555 1564 3972 
13 10 4	1553 1554 1555 1560 1562 1563 1564 1565 1566 1567 1588 1738 
13 10 5	1560 1561 1562 1563 1568 1570 1571 1588 1589 1590 1591 1737 1738 1739 1769 1785 1787 
13 10 6	1568 1569 1570 1571 1572 1580 1761 1762 1763 1764 1766 1767 1768 1769 1770 1771 1772 1773 1774 1775 1784 1785 1787 
13 10 7	1409 1572 1700 1701 1702 1703 1704 1706 1707 1708 1709 1710 1711 1761 1763 1764 1765 1766 1767 1772 
13 10 8	1409 1412 1413 1414 1415 1420 1696 1697 1698 1699 1700 1706 1708 1710 1711 1717 1718 1719 
13 10 9	1413 1414 1415 1424 1425 1426 1427 1456 1457 1458 1459 1468 1688 1689 1691 1693 1696 1717 1719 
13 10 10	144 145 147 1425 1426 1427 1428 1430 1431 1432 1433 1434 1435 1436 1437 1438 1439 1457 1460 1468 1686 1688 1693 
13 10 11	144 145 147 1433 
13 11 4	1738 
13 11 5	1736 1737 1738 1739 1785 1786 1787 1790 
13 11 6	1753 1760 1761 1762 1763 1770 1774 1780 1781 1782 1783 1784 1785 1786 1787 1788 1789 1790 1791 
13 11 7	1673 1704 1705 1706 1707 1710 1720 1721 1722 1723 1753 1760 1761 1763 1781 
13 11 8	1698 1706 1710 1716 1717 1718 1719 1720 1722 1723 1724 1725 1726 1727 
13 11 9	1688 1689 1690 1691 1693 1694 1695 1716 1717 1719 1724 
13 11 10	1428 1431 1686 1688 1693 1695 
13 12 6	1753 1780 1788 
13 12 7	1673 1722 1753 
13 12 8	1722 1726 
14 4 6	3686 3693 3796 3799 
14 4 7	1300 3686 3712 3713 3715 3796 3797 3799 
14 4 8	1300 1308 3713 
14 5 4	3700 
14 5 5	3680 3682 3683 3694 3700 3701 3702 3703 
14 5 6	1345 1348 1356 3680 3681 3682 3683 3684 3686 3687 3692 3693 3694 3695 3796 3799 
14 5 7	1300 1301 1302 1303 1344 1345 1346 1347 1356 1472 1473 1474 1475 3684 3685 3686 3687 3712 3713 3715 3796 3797 3799 
14 5 8	1300 1302 1303 1304 1305 1306 1307 1308 1309 1310 1311 1473 1474 1475 1482 1486 3713 
14 5 9	1305 1306 1307 1310 1332 1333 1335 
14 6 4	1361 3670 3672 3674 3675 3677 3700 
14 6 5	1349 1360 1361 1362 1363 1392 1393 1395 3672 3673 3674 3675 3680 3683 3700 3701 3703 
14 6 6	1345 1348 1349 1350 1351 1352 1356 1357 1359 1392 1393 1394 1395 1402 1406 3680 3681 3683 
14 6 7	1345 1346 1347 1352 1353 1354 1355 1356 1357 1358 1359 1402 1473 1474 1475 1476 1477 1479 1484 
14 6 8	1304 1305 1307 1473 1474 1475 1476 1477 1478 1479 1480 1481 1482 1483 1484 1485 1486 1487 1522 1528 1529 1530 1531 1534 
14 6 9	1305 1307 1312 1313 1315 1333 1335 1481 1512 1513 1514 1515 1517 1528 1529 1531 
14 6 10	1313 1315 1512 1517 
14 7 4	1361 1364 1366 1367 1368 1372 1373 1375 1538 1546 1550 3670 3672 3677 
14 7 5	1361 1362 1363 1368 1370 1371 1372 1373 1374 1375 1393 1395 1396 1399 1404 1546 3672 
14 7 6	1352 1386 1393 1394 1395 1396 1398 1399 1400 1402 1403 1404 1405 1406 1407 
14 7 7	1352 1353 1355 1385 1386 1387 1400 1401 1402 1403 1477 1479 1488 1491 1520 
14 7 8	1477 1478 1479 1488 1490 1491 1520 1521 1522 1523 1524 1526 1527 1528 1530 1531 1532 1533 1534 1535 
14 7 9	1505 1506 1507 1512 1514 1515 1516 1517 1518 1519 1526 1527 1528 1531 1533 
14 7 10	1505 1512 1516 1517 1519 
14 8 4	1368 1538 1544 1546 1547 1550 1594 
14 8 5	1368 1369 1370 1371 1376 1396 1397 1399 1544 1545 1546 1547 1577 1579 1593 1594 1595 
14 8 6	1376 1377 1378 1379 1380 1386 1388 1390 1391 1396 1397 1398 1399 1400 1405 1576 1577 1579 
14 8 7	1380 1382 1383 1384 1385 1386 1387 1388 1389 1390 1391 1400 1488 1489 1491 1492 1494 1495 1500 
14 8 8	1417 1418 1419 1488 1489 1490 1491 1492 1494 1495 1496 1497 1498 1499 1500 1501 1502 1503 1521 1524 1525 1526 1527 1532 
14 8 9	1417 1419 1448 1449 1451 1465 1467 1497 1504 1505 1506 1507 1516 1525 1526 1527 
14 8 10	1448 1451 1505 1516 
14 9 4	1594 
14 9 5	1577 1578 1579 1582 1592 1593 1594 1595 
14 9 6	1377 1380 1388 1572 1574 1575 1576 1577 1578 1579 1580 1581 1582 1583 1766 1767 
14 9 7	1380 1381 1382 1383 1388 1408 1409 1410 1411 1492 1493 1494 1495 1572 1573 1574 1575 1700 1701 1703 1765 1766 1767 
14 9 8	1409 1410 1411 1416 1417 1418 1419 1420 1421 1422 1423 1492 1494 1495 1496 1501 1700 
14 9 9	1416 1417 1419 1421 1465 1466 1467 
14 10 6	1572 1580 1766 1767 
14 10 7	1409 1572 1700 1701 1703 1765 1766 1767 
14 10 8	1409 1420 1700 
